4941 6594
2428 277
2218 1616
116 4904
4273 3528
925 598
2844 4696
1114 2920
1609 614
2746 1172
1868 3949
2083 4293
3899 499
2308 2572
955 1719
1826 3172
2527 3331
3295 751
2925 1772
3085 3286
72 2013
4901 4221
2116 1987
1265 3328
3474 1423
1305 221
3778 3779
876 2496
2195 2152
2707 1899
4406 1305
996 2511
3429 1563
3361 4358
880 2850
3743 1678
4393 2553
721 1323
753 267
3143 1243
1436 4087
2922 3894
2176 1385
1808 1490
84 2262
1789 4475
2178 2940
4492 1810
619 437
4012 2672
1120 4416
3391 255
4259 533
1869 3139
3672 2951
1328 1635
3590 1461
1882 3616
4288 3936
4205 2721
4486 2386
4554 4858
4827 4400
113 1611
150 183
1738 1548
146 308
1239 1493
1927 1543
2552 3550
4012 105
2086 1612
1041 2038
4115 3526
3522 1261
2266 3256
3204 1816
4571 1732
506 4932
4453 3637
3895 1845
2828 321
3564 327
1929 3941
4664 3859
1678 3192
1063 1604
4718 3424
101 2156
2863 1224
832 4188
3895 4354
312 3621
1056 1050
4500 1210
839 1086
1342 252
1837 1040
1871 4880
2768 2939
4729 3363
2907 4592
4466 3505
1537 1293
4305 4758
2396 2735
739 2000
2549 1109
3282 136
1968 1730
2824 323
3271 3209
4132 3646
1904 4455
4135 353
457 915
1277 4345
117 2403
4647 1718
4300 2760
2070 3704
1616 680
764 3130
1325 3202
348 1054
889 4397
2642 853
4168 3690
2871 205
652 686
2009 1736
1265 158
652 1155
3351 3194
3153 966
3454 3323
964 577
3137 1134
1043 1136
2549 878
1997 3940
287 1415
3033 840
1929 2309
3021 1536
2843 2994
3201 1495
3191 2549
1495 4786
3119 2285
2465 2602
4384 3580
3676 4460
3650 4607
3997 549
2833 713
3343 3033
4256 2284
494 3000
3181 1916
3327 0
1864 562
3094 143
3485 469
2314 855
1319 3292
4182 1430
4707 627
921 2059
3107 417
839 4483
940 1133
4760 4239
2276 2136
644 4158
134 1424
761 1381
3514 226
841 177
4280 4173
2859 3169
4206 165
1690 806
713 922
2372 2320
712 1292
484 1245
4357 3312
3714 360
337 3747
2617 831
1671 3602
344 278
4747 1540
1014 4831
2306 1976
3118 1351
3163 1269
4075 1521
3268 4851
4639 156
383 4353
1397 3323
1868 4193
1116 4355
999 151
4066 1738
974 2086
445 4382
3294 175
4549 788
818 802
762 3733
3863 4085
666 4783
1858 4232
1933 1220
2115 102
3301 4780
2543 3013
4183 3678
1265 2614
448 230
3284 712
4632 4383
978 3692
2526 972
1049 3033
2597 1075
3973 2446
3899 2651
782 1398
2198 1568
3639 2545
1484 2635
3096 3767
4047 465
2345 365
3047 549
2738 3239
3034 2556
2386 3275
4049 3420
289 237
3070 822
4853 2237
646 2193
2527 4316
1146 2463
3454 2775
584 2291
2957 3729
1399 4093
3011 2881
139 4438
2759 2745
2686 2084
1800 902
888 653
2117 705
782 859
4218 4695
4836 3096
645 4479
1895 818
4079 1132
4312 4146
3560 2445
3215 1954
3860 2214
3247 2790
805 4643
2907 1340
3873 3818
2720 4354
4933 4218
4087 3904
1690 2293
16 562
2358 1838
3129 104
2166 3594
3346 1101
2718 4286
3669 1568
3968 4473
1905 4690
4062 3549
3183 2225
3945 3659
4448 3872
3114 4474
1516 1114
1685 2590
3865 2712
745 2748
260 3221
3834 712
691 1122
2881 2195
123 3265
4904 1956
4664 951
1315 1934
3544 1394
4724 2216
3089 4803
626 3902
3071 1100
258 1055
3872 1976
2401 2255
995 4138
1396 2998
4357 462
3863 3276
362 3846
4247 2765
1422 3885
2685 4747
2589 1372
1954 3241
42 1459
815 2774
314 1277
2779 4914
86 3178
1231 3708
1314 4309
3011 4792
2922 2654
3510 282
2946 2927
4409 1271
1541 3671
2943 3785
2483 4425
4324 4291
2828 2212
2265 2646
4082 498
1826 4607
3506 4629
318 1883
4760 1796
978 518
1250 3273
2898 1021
531 4740
401 2840
2600 3721
1654 3380
2508 254
1850 3580
3660 4394
4617 1083
1550 1761
3894 191
599 651
2125 2440
2564 3703
357 4854
4845 2825
3516 239
2299 765
1375 554
869 3063
2575 4428
2824 2745
2102 4328
2437 1359
4582 1178
2972 291
4450 1995
4572 1276
2379 2390
1265 4049
3685 3450
4712 507
3288 3776
2195 390
1094 3496
1805 4553
1576 2750
4105 2114
3780 2455
1518 491
2624 1296
3826 4263
221 387
219 260
874 4016
3090 3349
4558 4831
4873 2486
1805 2006
3193 2213
4403 176
3313 2177
4582 1566
2898 1956
4625 1383
188 2919
1579 2230
1574 129
1530 848
1217 2333
3730 1225
1138 1197
4898 453
3184 839
1904 2206
4034 1687
4492 3995
4317 4821
453 4925
3034 2771
2784 79
3474 2127
4719 1766
1381 749
3171 3255
1578 3761
1206 823
1792 4285
2749 2762
2467 4014
4054 4329
3233 1
1476 1591
705 898
3344 699
4575 2712
939 271
1233 4748
2282 3413
4211 2995
1404 4596
920 739
4792 685
4176 3319
3936 4899
385 1910
3652 4768
150 1740
1720 4505
3803 2668
2275 3544
1660 1903
49 2770
4343 3145
1992 11
1745 3402
883 3373
1612 2230
844 111
2248 3571
2147 3855
727 4862
131 2304
2309 4886
2998 97
3143 185
865 1213
3037 2541
3386 2934
4343 163
4732 2398
4200 80
761 4679
2605 1826
2329 2916
4911 617
973 4713
3676 4132
700 4171
3469 3775
4573 1439
2946 4266
540 359
3102 206
8 4508
4254 2182
4087 2650
2350 985
599 4556
3132 963
394 1500
1399 3953
2911 4158
902 1317
1577 4753
4350 1327
3655 720
2579 2528
1399 315
1704 3300
932 531
783 2978
2745 2506
357 3101
745 2923
27 2314
4295 4208
3319 3437
2099 1823
3683 3449
4087 1265
2354 2515
3861 4756
1801 3375
4539 204
457 1824
1590 2573
4891 215
3165 4633
341 2399
884 3026
493 1679
3819 3088
4549 1501
1907 2598
3997 4778
1884 4572
3427 2297
4555 2158
675 1884
797 173
2028 4454
2540 2150
3711 2292
1472 4075
879 2358
1332 4266
4186 4671
3635 2222
2549 2498
2122 59
3785 88
608 2861
758 1311
3011 1626
2897 89
247 3518
4040 2988
3058 4701
40 2986
4047 2476
2559 3414
1616 733
1034 2873
3986 2395
3800 2754
3474 2583
1713 4462
726 2738
1377 1324
4081 3556
2208 3408
3745 3302
911 724
16 4646
4165 2487
3674 3356
2900 3296
1068 4564
1856 3469
4272 2806
1022 1146
4194 3508
562 4386
2730 3607
1274 4018
3655 4691
2462 1774
4889 3078
591 1690
4155 630
3011 1943
2565 2490
1841 2425
330 2434
723 3256
3994 295
4557 1839
3961 3448
588 2534
1452 1049
2032 3184
757 3677
1738 1227
738 3338
4051 2466
1019 222
2802 96
806 2917
2326 3790
1091 1645
3813 1354
1498 1594
3090 2564
1883 3042
136 22
4745 1919
3662 4863
3184 15
408 1443
4253 4533
4283 1291
69 2689
2142 3914
3169 3359
2868 4721
2299 757
521 1266
3734 933
2898 1814
634 1767
3926 208
1888 4761
625 813
1905 2947
2527 27
4405 2694
2119 2864
1408 954
1222 3529
2590 1920
3810 2135
433 446
2943 1283
3327 3905
181 3654
1601 1600
116 635
939 3444
1539 1279
147 3825
2954 3667
783 3998
1491 1863
657 4187
1452 4431
2722 4500
3236 1413
4077 1996
298 159
3577 1580
4672 3119
4290 3816
1336 76
712 4403
959 1486
3535 1084
3796 4223
2698 1203
4105 2511
2501 4665
175 360
92 2019
463 2720
3022 3753
3976 778
278 4361
2459 2924
2745 3429
3263 797
1073 2342
968 2678
3571 1830
2979 1246
1784 3657
1533 2979
2390 1803
2602 2763
928 4354
3116 824
2359 1681
4396 2014
1035 2531
4871 3419
4901 4402
844 3694
1746 2990
2392 464
4758 1183
1832 3402
1336 3231
759 821
289 1938
91 2144
1837 158
868 3522
362 4189
4417 236
3925 3123
2496 803
3020 2624
1280 3493
1980 295
2179 3366
2503 302
2140 2745
487 2789
2499 752
4247 4515
4748 3916
3632 2273
839 3142
2898 1447
2717 3170
1825 506
4655 4188
1319 582
2386 3059
3773 1124
48 1634
2238 2489
3424 2083
425 1731
3425 1330
4040 1229
3503 2394
4931 1142
4875 4650
4586 1816
4442 288
2539 4003
3893 3132
4021 736
1501 788
1554 3153
2198 540
4352 1297
3626 3117
3799 1760
2197 2286
3344 3644
3330 2071
1494 1968
4247 4799
2616 678
4119 1390
914 836
4557 1357
2306 3646
3529 3152
2884 1244
2714 536
3900 209
975 2431
888 2371
481 3879
3474 2635
1353 4758
3183 4255
580 2652
3746 1447
2421 2507
1716 3704
64 1070
1654 2606
2309 1098
2503 1169
582 1964
1359 4356
3626 3458
3871 4315
2999 2340
450 458
3997 1412
4355 1455
4912 2345
3433 2101
4866 1089
3826 728
2521 831
3405 2817
2512 838
2363 2474
3041 1904
902 3177
1970 3129
3644 945
1093 1260
1775 4371
4353 1799
3727 2465
434 2663
1671 4342
1282 3920
4382 4746
1883 249
3165 4595
2697 2701
2010 3293
2152 2839
1982 4802
1830 2975
1382 949
4753 2626
630 4139
4412 716
1860 2801
1093 609
4005 2335
206 601
1064 2593
3836 3217
3215 3241
3134 1819
1866 4159
2585 1137
3084 766
2518 3833
2057 3736
1197 4578
2161 3043
4231 3865
1263 2630
1476 4674
1671 4125
2968 4731
302 3278
4370 3936
131 994
3169 2479
1626 390
1019 4199
1654 1053
546 3967
4045 1680
2262 3037
480 903
466 772
2374 2553
1807 3764
3652 3140
2225 3383
2059 587
3418 3743
2699 1176
314 1638
2299 2982
2435 4395
1931 3163
2367 2505
3199 1343
3876 3636
4276 3457
1113 906
722 348
792 942
2802 1856
4432 4781
3231 2492
4045 4677
3570 1878
4030 2519
3962 4426
1928 2521
2390 4189
433 1090
1184 1249
3241 4423
3872 2157
3038 2371
2988 634
4650 1082
967 4011
1238 3008
2335 1148
186 562
4929 1716
419 2732
1362 3931
4494 704
2302 2270
441 3429
892 2808
4134 4321
4623 3062
306 443
3554 2210
3175 685
872 3555
3033 4166
1255 1238
645 3632
205 3217
1181 4765
3166 4682
3100 1554
4906 1623
3156 4189
793 3810
1770 3946
4881 521
1253 2851
2704 774
1192 3270
3223 1150
4115 984
3344 2493
2152 1015
1462 4813
841 2890
853 4052
4129 2245
1265 4222
1707 4172
1326 98
4265 4785
370 558
2324 192
3427 3324
2466 378
2689 2438
446 342
4530 45
1609 2922
321 931
2619 3450
4856 2185
2547 594
1849 4566
3585 3235
1385 761
3280 1032
1385 4679
1121 3548
3761 4281
1171 4245
4722 856
3998 3366
4345 1579
4313 1262
3961 2829
684 1068
4924 1777
2074 545
1841 128
1459 2004
4721 811
4135 1917
1146 2335
3395 3047
4097 2913
1385 2247
1529 1020
3106 3817
4532 4454
4230 1099
2890 4479
446 2720
1951 81
4231 1348
2654 4196
4848 4779
1381 3410
2898 4702
343 4622
4490 4540
1900 1485
783 1740
3312 3071
3982 81
116 4348
4354 2024
1064 2207
4316 3367
2714 1278
4158 2328
1282 4366
1863 2074
1022 4628
2411 148
3331 1481
667 1442
3710 4689
1210 1211
4158 3415
1361 4588
1158 332
1387 2277
1589 3867
4834 3563
3169 4240
4294 1756
4258 1958
358 3370
4312 340
4259 3110
4239 4344
4496 939
2622 4563
1753 1924
3001 1607
2225 4246
1482 2442
4684 910
1063 4826
4224 2016
2339 1654
3038 2025
3021 740
4626 2908
3147 392
1389 2065
3694 4092
2263 2965
2549 4035
1249 2739
3291 3635
4132 363
3011 1069
2459 2140
4259 1791
3330 2675
503 2720
2211 2925
1106 261
4649 1385
3844 4555
2493 2653
3783 4375
3676 2940
1796 1344
4046 2124
3386 781
845 1215
762 3820
4776 1914
3389 619
972 210
524 4432
115 389
4874 3774
4741 3844
1590 3445
3429 4062
4428 906
2211 3719
894 2048
1497 2826
1137 3316
3433 4436
2967 2007
1259 1373
3730 1307
2518 4603
2345 4457
3273 2116
1495 1472
3237 2135
4642 4142
2935 1017
1192 116
597 3047
3039 1842
4097 75
3903 4653
3146 587
988 2426
4643 3758
112 1013
474 257
3868 685
2999 1331
2014 579
1342 2390
3252 1723
2307 4180
2328 1399
637 680
875 4614
4487 4251
737 4206
2872 3653
2514 3455
1998 2261
4205 2930
3638 2671
1259 846
2319 4356
4316 2659
45 1875
4755 4137
3017 899
3688 2578
1158 1790
4203 110
3725 4449
3672 1523
1846 1207
2369 1127
817 2741
1454 2202
454 501
1383 2003
3022 1961
3460 765
794 3787
832 2980
1096 3599
375 2795
634 1204
2365 1076
1797 1154
3728 1877
3625 1822
4051 4405
58 3248
2496 4154
4858 3100
740 323
2161 2093
377 4357
634 3103
2373 1927
2521 2559
732 1859
1209 2810
1347 1859
3039 4177
645 2748
3343 2908
970 2010
4740 3499
3424 891
444 660
1233 1906
2217 2879
645 925
4113 1624
2460 201
2616 3577
4472 3009
251 4662
1198 467
3250 3705
495 3886
2655 3287
2377 4040
4028 214
1219 2191
4666 4399
1788 1606
758 3215
1806 2657
3017 2404
2308 3328
4368 3124
309 646
1523 2369
2251 1547
1019 2746
13 920
384 921
4188 632
4171 4063
651 1061
3363 3248
3849 1901
4887 141
2934 368
1589 322
939 3892
779 4849
23 1972
3260 288
3409 1873
2764 4916
3560 3051
4076 1752
751 2645
633 3343
4548 1887
815 2655
321 4210
4235 1909
134 2256
3695 1962
1964 3358
1330 925
2525 1749
2814 4764
1491 3493
2768 1699
775 170
3008 2895
4564 1676
3208 2485
3193 3247
2632 4243
1936 3213
2005 3691
4889 853
1282 3683
75 1852
2967 4051
3998 1897
798 3091
2272 4707
2171 4273
4502 1785
1190 1765
1943 16
1814 473
59 1348
2166 3805
3756 1768
3177 3149
2084 1804
4835 2220
2284 1149
3577 4810
2452 1117
2223 151
718 4512
3132 344
116 2043
2788 4384
1996 2021
1254 4731
2526 3104
4500 1406
3429 2802
4737 777
27 2395
2690 3205
852 4010
1555 3869
3806 2655
2921 1852
2336 450
3397 628
3771 2502
2127 2793
3113 2206
948 1679
3132 2039
157 2608
1305 4600
2696 1237
34 4643
2392 1381
3091 3847
4448 3646
2619 1765
1733 3921
576 4824
42 2096
407 516
2913 3301
2547 4267
2484 164
3585 156
1625 1256
1211 93
4758 3188
617 86
1265 3420
4903 804
1217 1219
2040 1941
4541 4096
3587 3824
2674 2896
3823 1533
4376 3543
3550 2611
4798 735
2859 3003
1015 4175
1338 3629
662 2205
4046 4157
1284 1092
433 4519
1483 4783
2800 3788
4014 1772
2872 1870
508 4806
1885 1106
2027 1103
3810 3237
1494 2715
219 1707
1282 3422
2996 1406
4884 3581
2428 1384
3397 3741
430 4823
2538 1395
3155 221
4234 3681
2672 2396
4218 4505
546 329
105 2974
1622 3964
2521 4889
251 414
4666 4118
3752 2947
1654 4192
3943 369
3834 3288
3528 836
3689 134
3769 741
992 1971
844 4092
827 1268
1048 4059
325 2547
925 4739
4448 2306
3740 599
2780 1212
678 2385
3011 7
2444 4777
2405 2894
3416 1416
1326 3687
4751 3473
2036 1800
4777 1804
2509 4272
3075 3389
385 1214
3676 363
150 755
2156 4210
1094 356
1849 1641
2565 4354
3567 4837
3044 83
3610 1518
3227 1593
578 4387
1627 2243
769 4618
2317 3256
4732 4463
3198 4704
1657 2644
2898 3554
649 4111
2110 160
2996 3557
4739 1706
3886 379
3259 3866
2930 4197
446 25
172 1902
3701 3280
4611 1886
2675 2990
4776 2772
902 4453
4516 3933
2716 188
3010 4009
3241 4244
3661 4897
4284 845
433 4577
778 785
1186 4019
1002 1860
4574 4525
976 1585
1339 146
163 997
2898 1868
1596 216
4062 1759
1250 3537
4699 4141
3707 1905
4483 3297
1666 3775
498 3043
3173 404
217 2091
2534 4465
3113 977
1939 492
230 4130
2000 2409
4696 4444
357 4082
4672 2239
1626 2195
2202 2955
2807 4741
1937 520
746 3734
3007 22
3058 2012
1261 861
4135 1854
1548 2143
3243 4004
4155 4542
3822 143
3632 4307
3374 4810
4209 1780
746 3070
1830 2580
2059 118
1034 111
131 1907
4366 4471
2406 1007
1179 131
2952 1531
3476 2889
4806 3529
3496 1161
2745 140
4103 4202
4003 4077
3376 2997
847 4806
692 66
260 1794
118 9
3415 2902
20 801
3819 484
2661 2149
4229 541
1196 3974
4288 1345
3385 4460
4087 734
626 2831
860 1749
2178 347
1880 1097
2396 919
2553 2738
3910 4278
2856 3113
3106 3474
3523 1648
1469 2899
1651 4297
4021 4145
1309 4314
4589 4711
3770 580
1398 2740
3260 223
3910 4573
712 258
3626 1204
934 4832
466 2570
787 4337
2575 4771
3191 365
450 2730
1780 690
2796 3727
971 529
4207 621
3951 400
2386 4914
785 4006
287 3874
4814 4913
4305 3207
3166 431
3655 3081
2169 3424
936 2680
2392 4679
4168 880
4132 2306
2397 840
738 4260
446 2344
3944 167
4566 805
2367 1409
2687 464
1401 1932
4487 3793
1077 3685
722 3841
3233 1121
2390 4261
3854 3709
2373 1801
31 4582
3184 793
4002 409
1592 2005
1637 1372
493 562
2108 683
1146 2108
2606 3532
1596 859
1436 2379
53 2171
1610 4100
4040 2080
3899 1015
3233 1638
2892 24
685 16
4277 4101
771 2309
2014 3656
482 2780
4454 3336
944 2888
2890 1382
4620 1979
2767 2713
1932 2972
2722 1851
2221 4121
2682 366
2550 3801
2761 967
2037 2018
692 2252
4277 3981
1529 4212
762 1004
210 4616
1186 780
17 563
3907 1847
3564 471
3730 703
3282 2392
3279 1678
2638 2834
1612 2298
3986 4725
3319 2288
3164 564
2891 1277
22 1741
3530 2950
4252 3001
3961 89
4887 1722
986 4311
4324 2341
3321 1267
1965 4003
3543 1062
1481 2500
482 1212
3820 2335
2030 4482
3236 2885
3760 4359
2571 1488
2898 4193
2638 4258
578 1259
4893 4347
2360 4809
2641 1321
3034 3423
3945 2115
1864 1212
3456 2380
1326 2419
446 886
4318 3582
3077 1563
4350 2987
4825 948
2190 1445
3948 4323
4717 4025
3999 1603
2642 269
1626 2651
1545 148
1436 1480
956 1833
99 4175
3123 2651
2204 3049
3807 4614
613 4874
4521 42
306 546
1056 1350
2276 2872
3611 4341
2413 3726
158 1040
4588 2798
2804 3598
981 1896
3590 1614
222 895
4417 2381
3865 2184
3327 2433
88 2548
2040 1462
3345 4441
1034 844
62 3145
2805 2035
351 2681
217 815
2075 199
3394 2097
3899 3059
4294 469
3746 4330
3689 692
3040 2690
4890 2170
3820 4437
681 3574
4154 2644
2235 1969
2369 3098
3278 299
2025 4681
4771 2006
3475 409
4155 259
4224 2623
401 34
1801 2684
1377 2687
197 3325
4640 3918
812 1298
13 84
1456 1504
1193 826
4698 1217
1302 1931
1592 1392
1964 1008
462 3311
1610 944
4035 855
3619 504
1731 560
411 1806
4883 1010
3448 2522
3516 440
4901 4529
4503 4335
2684 873
2411 2584
2691 3341
2368 4819
4827 4364
4254 575
2122 4775
3980 3492
2109 346
1148 2378
2237 2316
3429 1196
2384 3141
4542 616
1933 2525
1168 2566
1426 1045
2673 4670
3244 876
2060 2378
3931 243
1035 1393
177 4322
3497 629
990 4397
1359 125
1835 3028
4520 2001
404 1039
2736 688
1950 3516
932 1110
3075 3652
2821 283
3840 3476
1370 2577
4051 1728
2107 3009
839 3918
2576 3186
1587 3685
2874 4289
4509 4103
2778 3642
1651 22
1804 1299
1120 4565
4689 4705
3167 1244
4898 3381
2197 2786
2881 2779
4572 703
3088 372
3947 2162
4734 3844
4034 2960
998 2066
1072 1216
2870 752
4758 2638
2686 4040
1015 148
385 2591
110 1714
3247 3549
4352 4756
1990 1434
218 3032
297 1322
3553 3315
1981 3794
2452 3107
1842 1062
4751 590
1338 4567
2102 1980
3751 2176
136 3284
2675 1746
1535 1542
3625 4000
4612 2421
852 3114
4293 1482
1503 2615
1165 3529
4113 3240
2079 72
2286 4004
482 4386
2094 3304
4614 1754
1503 2485
4111 1934
4448 2157
3903 4547
308 313
2131 3181
1370 3442
2802 4688
2239 2285
1509 3931
1121 766
1588 525
4256 4830
2206 4178
3746 231
2104 2777
2559 3627
4824 1757
2827 3811
4477 4108
683 671
4429 1223
45 3090
2335 1112
1335 4736
4852 1387
1107 640
3879 4538
3132 1425
3056 4693
3668 2877
3213 2591
3344 1751
4427 4580
1359 2983
3036 1695
1182 2729
2142 4339
512 4109
4804 4311
3264 1566
3215 4423
390 1321
2679 1605
1183 2670
2020 283
4471 2481
3297 1048
368 669
722 4249
3410 3446
3730 1317
2134 4522
3515 2529
967 263
1561 710
3344 2032
1942 3695
150 769
2622 3014
382 3589
2859 1449
2200 501
4109 4910
3760 1368
2638 3477
3543 4516
4898 2936
1526 3321
4710 2401
253 3113
2213 2414
614 1313
3414 220
3058 1328
2862 1522
2267 3193
87 734
1841 717
2624 180
2284 2637
3819 4343
2964 82
325 1167
1651 1861
2864 2471
1798 3990
1837 4049
836 3940
1545 2411
4891 1508
3132 2241
1021 4451
917 2765
385 2019
3436 2268
433 1437
2781 2714
1094 2375
325 1693
1034 1043
4368 393
343 2917
2574 2579
713 1344
662 3740
3915 937
2743 1455
908 1163
1540 4508
3415 4020
515 406
3284 3634
3627 2337
4279 549
2065 3094
3191 3331
3045 4409
4710 3988
3211 394
3819 62
770 3591
1914 43
3011 2780
879 2523
2613 3239
645 3425
4159 1272
3165 4767
999 1950
2732 2788
3011 685
4558 37
1275 4374
1655 2767
3430 4769
384 373
3795 55
3361 4928
2943 2185
774 1784
4368 4489
1359 2319
1482 3046
3807 3095
3244 2804
1622 3012
70 322
2105 2311
4441 1840
266 2104
2891 2986
4935 4223
2326 1891
4368 1653
1520 4896
1011 1802
2455 1454
4562 423
4415 1010
609 1668
4111 1467
133 2952
2029 948
4189 4429
138 3137
2049 3126
3757 3603
4573 3585
4835 4794
286 1497
1342 2711
4232 1325
1100 943
4631 2643
4099 3455
1928 4313
4824 2906
1654 1247
450 2905
4507 605
3555 1848
4269 583
3369 3182
1832 3290
4088 2943
3371 1900
889 1994
3104 4616
823 2761
1929 1985
3330 3248
383 640
1945 468
2785 4032
2654 2125
4227 892
2774 1500
1295 1438
683 3843
2997 1253
4416 2620
4620 461
4111 1468
2399 3077
1891 1057
1648 2098
4114 2955
1016 2018
3082 4312
842 3596
4486 3782
1233 3244
1368 3151
1491 2960
3813 3720
1250 1691
3256 2931
3306 2732
4723 4923
1575 3250
3056 4549
4080 4029
1260 257
2466 1636
3018 1100
3802 4847
3941 2400
1671 3364
1032 147
2974 4040
1091 1664
1926 3032
3056 969
824 4605
2313 1571
951 3190
3838 3487
1786 311
3349 3781
251 404
1328 1414
746 2968
1046 1098
3760 2899
880 4464
1382 2553
3483 4562
4493 1177
944 1827
2863 729
2649 3579
975 4571
3374 1620
4900 285
3554 1038
1265 3087
584 4139
1091 430
3644 2565
1874 2501
1658 4797
569 2507
3827 527
318 3789
3191 2733
255 1785
1831 4044
1587 2363
485 1139
328 274
3090 2415
2379 3620
2504 743
1711 4782
2779 2126
4806 454
3330 4225
3501 144
182 4730
1607 4238
4541 3965
4937 4864
4405 835
2894 425
1545 1213
482 16
1252 4365
2133 2561
220 2662
2534 2000
3185 2869
4297 4136
3082 591
1954 1123
2684 4868
2546 4413
2999 2372
767 2151
1313 674
4554 1087
3295 4809
4015 250
4296 998
332 4568
4774 2420
2185 4127
3920 4622
2610 3711
4806 459
2003 2557
2617 4657
4789 3125
357 1828
303 1300
1435 592
2516 2240
4792 1015
60 681
4566 2171
1986 2660
2783 711
348 4715
845 1615
4189 539
2345 3093
2560 881
4814 1720
939 3346
4123 3103
1190 2017
3513 4563
1868 3732
633 4626
4714 3792
2829 19
2625 2388
4500 2111
3135 2551
798 1647
3002 3857
1977 4023
2569 3167
4077 1773
1987 4544
788 4058
1259 3520
862 2439
4561 1921
3474 3480
1713 2535
3241 4467
2040 4881
1651 3834
3212 2921
4135 4686
89 306
401 3073
1859 3339
2905 673
302 1024
3673 80
446 503
441 3497
2826 586
1244 3285
3589 4064
1071 272
3498 1381
3055 2946
4776 596
2596 1565
1439 4521
1519 267
4144 2094
493 4825
3474 931
4469 2616
4258 2342
4200 3951
2396 2323
4368 3504
2848 912
12 1583
4707 4250
880 65
435 4658
940 1275
1676 1294
493 196
2317 3430
1382 48
3099 2952
2512 949
3475 4084
2264 3560
3490 982
1984 4600
2338 1658
2540 960
613 3045
182 918
4251 4061
4776 4835
2762 1027
1337 3500
4351 3917
3371 4800
1864 2780
4003 2015
3955 24
2152 3899
4580 2321
2711 2692
963 4045
884 1692
987 4675
3424 1811
4251 1091
3974 2548
1222 3836
825 1593
2761 2164
1443 2596
4061 3260
4469 4467
2464 696
2235 2543
4217 3019
3363 2434
647 320
1096 2020
4828 4439
1046 771
4517 3848
462 4757
2864 147
4457 2733
2686 2827
2040 3375
2911 4187
4116 2058
2941 2116
899 4645
4654 3178
3787 640
3244 4418
2711 2283
3858 2462
1265 4275
3147 124
4501 1776
1178 3240
1284 3763
4330 2876
4582 245
3728 2919
3424 2251
2176 2625
1989 3604
4760 4344
3034 1559
3501 3663
829 4389
3830 2068
359 1816
2536 3196
3104 2588
2244 4590
1154 739
3202 184
2374 3895
1921 268
4500 1451
4603 1843
1960 1901
2262 2520
1933 4184
2055 809
683 491
3288 3029
831 4063
2379 3547
3388 1000
4509 1299
2738 4546
3723 2054
4861 2714
4888 3453
3627 3858
4258 3063
1185 1003
3903 3602
3152 2601
2867 1236
3872 238
2764 3960
3950 1312
1473 4270
525 3246
1091 2803
2989 494
2874 2062
3954 2846
4247 2044
4241 4410
4723 492
3613 3074
1858 1666
2911 1178
4316 534
2208 3368
4929 4091
3695 4113
1774 4727
2703 139
3191 4653
3469 4340
3653 334
4078 581
3765 2560
2441 4205
2864 361
885 2591
3773 2060
4207 3929
722 3218
2698 1391
3796 4743
2518 496
7 1943
3218 653
3222 2430
218 961
2999 1812
4501 2750
3310 3298
2154 4453
3894 3535
4239 1344
1941 4478
4027 4596
4357 2406
2830 553
3975 3405
826 1065
4283 4235
1052 3928
1281 2187
1942 3387
2546 296
4271 2081
2963 1528
3868 16
2662 4886
2349 385
3809 2648
2049 3325
1310 4862
4610 4883
2487 4279
4792 7
967 861
4276 743
2160 2743
762 3734
4744 608
3903 2737
807 4456
2185 2305
338 4498
1623 109
2244 3748
3022 3649
3344 4517
477 4178
2305 2700
3894 1775
1034 2353
3408 3123
69 3384
2333 1747
787 4079
3949 3889
2539 1483
1753 4529
4002 338
2208 390
4795 294
2008 3109
4934 4124
4882 2494
4534 1478
3036 2685
2724 540
4750 3030
3834 1055
1292 4879
1519 4706
3819 2250
986 1293
2631 1311
1835 4334
1289 3031
2436 3561
4821 3449
150 4567
4580 508
1104 3804
2202 2282
4717 2734
16 4682
884 3541
1195 511
2870 3340
3571 1625
67 3589
1657 3922
850 1697
1464 2201
1485 2081
2795 3684
1194 1113
3477 3944
2697 343
678 2781
1618 1937
3239 1966
1591 3752
1332 1416
1406 3319
2916 3768
352 810
2953 474
3489 3465
4574 4207
2074 416
3362 2791
4077 4481
4698 1786
1297 4254
343 654
2374 3838
1366 2836
1103 2132
4404 2994
4264 1435
5 2295
3194 2266
2619 2461
70 2920
4092 2773
2540 2842
1266 4287
1210 4827
1468 3624
4134 3392
4607 3172
3866 4182
2868 3304
1382 4846
4877 1881
3122 4689
1298 3462
767 26
1263 4550
1345 4858
4891 2607
2967 3274
1974 2423
2715 913
4083 3957
3528 1997
429 796
3692 4110
935 941
1977 341
4695 4787
692 3906
2580 1795
4042 2219
3549 2049
1032 2864
3938 1349
3013 199
4499 1467
2989 2385
1100 3459
4010 909
978 2391
3914 2805
1985 1848
2085 333
462 3162
873 1682
3639 3131
4143 3545
2248 1928
433 819
4726 475
4803 4587
1246 3997
213 313
1432 604
3904 2308
573 4835
622 1862
4893 2942
3114 1164
990 424
3431 4801
1550 1940
2372 3102
1212 186
1511 2650
4141 1840
4444 3025
2503 284
3111 4354
2179 1796
3455 4216
4254 1501
1626 2641
379 2254
3911 4832
4728 4384
1398 3643
493 1322
26 514
4087 2250
105 2686
2457 3796
2681 323
1760 4407
745 806
4663 290
978 4039
4318 4350
1536 3136
2671 1563
4757 2452
1863 3421
944 4423
2727 4363
1208 2595
2273 4284
2060 3563
1276 1419
3521 3071
4259 4119
478 1733
75 2568
456 1771
2537 3318
2684 3750
3997 403
939 1655
1408 4739
1119 3092
4234 2405
3832 3572
3936 3873
3056 839
4824 4148
2870 2823
2734 143
1684 2314
4329 2948
3276 2172
4224 1930
3449 1505
2428 1867
409 4262
58 2071
2004 3755
2687 1351
1476 49
2907 4168
912 3575
2951 1374
4824 4081
3495 4064
4054 965
4532 4751
4573 1797
2538 2075
2122 3648
2720 281
3551 3716
4045 4300
632 426
1545 4792
3260 2423
1910 92
2868 1944
2363 270
1506 1982
3695 3351
1181 1240
3041 3795
1890 2741
2617 872
1649 3877
263 2164
2112 3539
4094 1915
868 4689
2314 3671
4211 3923
3598 4283
183 4209
3733 2408
2310 2088
1328 1255
32 463
1964 3917
2966 54
2390 2865
4694 877
4077 4071
559 316
823 967
4023 1147
2958 4843
4572 2868
1319 2704
1462 4840
2720 886
2127 3480
2773 3622
1617 3808
1792 2609
3925 2651
2853 3262
3184 1134
1859 4410
4361 256
2422 3067
2081 4257
990 2953
3124 1157
105 2102
3247 3236
3173 1227
778 1549
1077 2467
385 4663
4724 4642
2553 4076
4087 4188
980 660
3066 4387
772 2935
599 4876
4879 593
2810 2137
3344 4083
3973 559
4169 146
2396 3072
2711 3612
1990 2874
4132 1976
4588 1825
2046 3536
4045 934
4675 4019
408 3439
4648 2076
542 2973
2684 494
4155 2052
4436 4710
797 4001
3371 950
2831 4135
105 3337
685 1943
3900 1205
3899 4446
57 2909
2004 4915
4335 3179
1501 4058
1452 4214
2637 3958
4597 4749
3180 433
2195 2208
699 744
2374 3180
1294 2578
2751 3749
3812 3988
746 3471
4361 4117
855 3958
2190 1798
1792 2852
4582 2454
3342 4862
13 2113
976 833
1332 3416
1936 3525
1882 1522
2521 2642
2355 631
1291 638
3689 1129
4354 4631
2540 1700
4895 2456
321 4907
3395 3891
1259 3756
3025 4235
1402 2009
3789 1883
4206 624
2374 3111
4049 2501
3961 3909
3167 2106
3433 731
2380 3378
4858 4084
4823 2530
685 4386
1569 3322
3714 3080
1726 3477
2374 2281
2071 1746
148 405
616 3353
44 248
4825 186
1937 3531
3027 3222
4403 2563
2458 3033
4357 3311
780 2279
3148 1471
2687 110
2619 1693
3328 2614
2003 939
4622 1085
2182 505
4085 1933
2219 1641
3757 4736
1110 4543
552 3332
1454 597
4111 2447
3066 504
4479 187
1842 1429
118 1873
3647 818
434 4374
349 3238
4186 863
329 1463
189 2926
1019 1578
2590 4722
560 1122
3783 4600
3579 4518
3208 2993
4802 3470
4111 509
3726 3952
3718 3495
3803 1111
3407 3648
4871 1181
3634 953
2287 1254
3666 4772
1212 562
939 3629
2545 2818
1601 3040
309 3983
417 1732
4146 1690
1789 1800
1697 61
3868 7
3355 2042
115 3294
4742 4514
2898 3016
2855 4032
4720 224
415 3563
3840 2726
3554 4707
4100 4005
533 2365
1120 2620
3464 1569
3155 952
985 58
1631 4491
3293 1464
1709 2619
2145 3360
3392 3438
4570 1371
2632 4849
4290 635
2095 2332
1937 3186
524 4157
351 2759
3066 846
759 1768
453 1006
1805 1194
2037 2200
1055 4678
616 2017
58 4225
1939 529
2311 4377
3950 3409
4346 3609
614 3168
258 1358
2065 2886
4423 2888
4620 1779
3306 2728
1255 3008
3474 1947
556 1303
3205 4163
4447 1628
4046 4355
3780 4332
3552 4494
4134 3212
4247 4454
4858 874
4549 4811
838 1711
3041 1720
630 3393
1722 949
1080 728
1937 3686
2170 1970
2295 4498
2983 4335
3377 437
1823 1913
2119 1924
975 4802
4456 2588
2159 3764
500 420
2442 1346
4393 4254
3579 3185
3061 832
1759 4252
3894 2427
3074 2483
2003 4759
2211 4141
4492 4371
4657 2309
3827 3982
3807 1067
2708 3519
1044 1962
4835 4506
1226 783
4207 902
1913 701
2163 4250
3363 2857
2074 324
4530 1335
1236 3254
2386 4792
3317 4936
3576 3615
1809 4682
961 300
4246 4292
2262 1294
3766 1764
2480 2368
845 1048
815 1640
4723 1983
4728 1194
3296 1440
4911 1715
1849 1507
3193 2362
787 896
450 2555
1269 3456
393 1157
178 3356
524 2687
382 946
401 2765
2710 3267
2240 1050
404 1967
3872 2047
4887 2512
3584 4835
38 3711
543 2103
3815 1458
1004 555
2556 1331
2658 882
1868 4622
1989 4028
1787 842
405 1758
1265 1635
1094 1336
1514 1365
4592 202
2154 724
4492 4789
1382 1935
2169 2736
1104 2426
584 3403
4339 1432
377 3945
4366 436
4802 1528
4655 3
548 1000
496 3833
4858 30
1557 1852
4290 438
4522 86
3427 159
1945 1355
2156 993
3169 1671
2608 2073
3016 1496
1174 1761
968 78
1937 936
1345 3623
4273 4918
3951 1733
3739 1867
3717 2769
4326 1762
4095 51
3244 3916
3036 4747
3139 1844
2831 700
764 3994
3613 2404
1590 703
2196 899
4075 3465
4084 1554
2497 1655
3117 1082
718 3588
413 3883
4856 319
4615 2144
758 1095
2656 2887
3423 665
2194 1543
929 678
4054 1694
2891 412
3071 102
314 1699
3975 1958
557 4219
2509 2414
603 3709
3744 478
4313 4167
926 3298
2760 3587
2484 4129
1792 2061
1853 4841
2250 1473
3697 4608
3676 3385
3870 4056
2504 1199
3393 3704
62 4303
166 2833
1792 2883
2084 4795
1184 4897
3815 3489
580 2051
692 2256
4503 1079
4779 4125
1359 542
76 1333
407 4333
4572 3735
3231 497
2077 482
1579 2298
871 4280
1993 3065
2220 122
3229 952
813 3442
979 1734
3169 3468
3994 4878
701 548
2374 3400
2858 4496
4356 3461
1334 1359
2722 4373
2496 1835
3832 4105
2512 3740
1793 291
1218 2710
3317 3382
2926 531
2265 1234
3215 1498
1258 901
889 4872
4115 517
2738 3740
14 4019
1822 299
3475 338
1180 2718
4582 3452
3014 1240
4639 42
2456 519
3972 1629
195 3910
3331 4080
463 4577
4448 4128
2060 1833
4267 162
918 4623
2988 1660
968 1963
4418 2173
3427 1189
8 3343
4821 598
793 2135
1381 36
4277 2594
839 1513
1982 4812
1987 835
805 4299
1907 3891
2267 3006
2468 376
3665 2258
3273 4156
2128 3457
2734 1399
3733 2610
3075 4717
3112 4351
4113 1178
4528 172
2862 4160
2616 671
2847 565
3757 1875
11 3268
2699 2076
4359 4235
2006 1194
978 4233
2183 610
4765 326
925 1706
4490 4418
1230 4630
4040 1361
1149 855
4512 2758
3840 322
1252 3467
117 1914
3676 347
2710 1352
894 4433
791 3590
2944 3214
1813 1510
2335 2253
4084 3172
3048 2051
4593 1231
1622 1936
1616 3063
4618 713
1083 4869
2175 1143
2157 2047
732 240
908 4858
2094 3595
2161 874
2600 4131
2553 3963
2609 3969
4247 3960
1399 470
2898 3689
2792 4331
4231 2277
1531 371
2881 1069
644 106
3135 1107
1330 718
3670 430
2994 3999
4569 4374
3764 2488
3273 1630
2707 2706
2164 3821
1999 2906
503 2841
716 4659
2737 2268
3309 3606
4487 1558
1883 4572
1165 2109
3297 845
1556 20
2217 4294
2822 4536
3034 1190
1107 3220
758 3241
2392 2764
2060 1552
4520 558
300 1975
2095 350
3535 2884
48 3056
3986 3097
1743 3619
4853 4
4108 4236
4835 1914
3884 3427
1628 2050
2552 2067
2888 555
715 401
4824 235
201 107
2386 2779
4336 2868
3034 509
1397 3154
4367 1254
699 4876
3019 4642
51 3510
4900 1921
2738 402
2033 2165
3424 4510
3899 4422
2663 3913
3199 1341
4463 1901
839 3297
1026 3792
4009 4257
4655 857
2176 4214
4238 2174
1691 1317
1948 4788
287 3061
105 2592
1625 3639
1042 48
762 396
4532 2028
1830 4683
383 3834
4757 3316
270 1448
1842 4065
1312 3134
3961 3371
1883 3735
1105 3183
783 150
4756 1817
471 2020
2785 3002
3974 3645
4415 4883
2843 282
4781 1643
1904 2045
4352 380
591 3991
2941 2367
3982 3984
556 2120
1451 3089
1649 114
1713 3398
2204 4526
807 2495
3390 4271
613 477
2990 397
1720 4787
4866 4537
1265 1066
3787 1107
1642 654
712 3165
2360 91
1431 2312
4393 2814
536 2739
1037 1028
2923 3949
794 3996
2947 3645
1436 2613
44 4151
3167 407
1901 181
122 1047
321 2667
1394 694
1949 1669
837 137
1237 4432
1512 4208
3755 1051
4923 1580
3873 3654
3701 2471
3048 411
1801 2878
3726 900
2487 1179
3400 433
3181 1034
361 2782
1413 1078
333 4109
4412 584
1883 1944
1462 4323
3658 1718
1883 1884
4834 1988
3730 3853
2469 568
1717 4600
929 4628
3249 2485
2642 2662
2373 3552
1545 1922
4117 2801
1292 4817
423 4766
925 1309
2675 3120
3107 4802
199 203
3962 2820
3892 3755
3191 331
814 574
3229 4870
770 3484
2082 113
3652 304
2780 186
1858 1489
89 3783
3618 4171
917 4061
2711 2956
746 850
1009 3568
652 3813
3982 1756
2190 4284
2763 4227
1329 3443
995 3792
1418 3818
311 572
1202 2041
1206 4584
2499 1102
1820 3576
3475 3100
3124 1653
122 2265
2720 4631
2080 1350
3655 1286
3197 3201
1835 4301
3338 3327
493 482
737 2669
512 472
1933 312
2375 3440
4489 3124
4209 1948
305 2918
1555 141
1255 44
1979 4817
1005 292
3025 3714
1213 4762
770 1518
4021 352
3807 4638
4225 2071
2337 2030
1097 4241
2501 1633
4273 4710
347 2940
177 3715
139 3524
1855 2631
822 2162
4144 1571
2209 1433
4406 3701
4027 1152
939 3494
3342 3618
4339 2416
2941 4853
3659 3406
4510 3574
2536 2139
4378 3507
974 2089
4639 1945
4436 3790
3963 355
2881 3224
4041 1731
1366 4396
3807 229
762 1978
4729 2768
1481 4264
1548 3812
1989 150
2989 4908
3252 2307
724 4470
136 383
3252 2240
3073 4299
48 380
1116 4046
357 557
2501 3890
2442 4443
3775 1688
3565 2949
2966 4383
1531 4860
2373 1427
1142 1161
4512 627
3304 2186
4113 4054
182 3837
2000 1945
1868 1956
1836 411
581 388
4265 2231
413 2636
2957 2612
1555 3740
1556 135
1536 1853
345 2451
917 3901
3727 3866
4348 745
1033 2129
173 1248
4549 969
3868 1943
2437 4356
3226 1810
2357 4048
882 1902
4079 2215
4541 1598
3066 3510
4353 1012
2923 3732
3430 2756
487 302
4492 191
4160 1131
3217 2702
1674 3233
783 4551
4342 3468
4329 1624
4036 2192
2386 2411
181 2935
3734 3089
2253 1339
4573 4639
645 1309
1778 778
1406 1782
2542 3538
701 228
4469 1146
1585 2965
3250 232
2197 1130
4684 4122
2286 1130
2880 844
4349 3960
4708 1484
3819 2907
4276 1199
956 1537
2622 1737
1190 2366
4145 130
1583 3740
1722 3583
4051 1250
883 1739
2371 3578
3620 4592
860 1658
3774 4000
4087 3087
2687 1392
148 2651
1602 1911
4003 666
4842 2576
1685 235
4254 3908
3666 1160
4205 637
2257 429
3807 127
2171 414
4241 3474
1591 1077
4049 1874
205 476
3578 2112
724 4380
1315 1525
1868 2819
2513 180
3946 3768
4029 2314
4253 2498
1052 4611
2432 737
530 3374
745 3425
560 2931
1858 1196
2158 1344
4748 727
3608 2811
4739 3971
311 1973
182 4477
1337 3296
2822 1794
668 1032
4585 4093
1275 3146
727 3384
2122 2821
3662 161
2525 144
2847 3302
1610 2664
2282 3115
4396 2283
4056 1262
3324 2692
1564 3568
479 213
20 3536
1290 1651
676 3225
1382 132
3998 1140
2816 4195
4672 756
4717 4784
1405 501
1935 4368
1015 4446
2698 3835
4086 4560
2000 2346
770 4277
4249 2112
3165 991
4144 3989
2152 893
702 1656
450 3509
939 4759
1091 4242
3997 1932
450 3251
3819 3004
1330 4512
1858 4610
3195 556
2923 568
2880 4049
105 1659
2906 1876
4025 2911
233 4089
4858 4198
3748 3203
3687 719
3407 4598
626 3851
4845 1380
3006 1395
2631 1095
974 3022
4349 4136
2905 922
1716 4750
1341 3105
757 894
1734 2815
2988 1386
1406 4017
373 4569
4803 2287
595 3641
4582 3821
2550 1160
513 4428
2121 4918
1548 2246
1383 2004
2527 3986
2946 1332
646 1806
542 4221
1534 633
4055 4000
2372 812
4043 3069
2318 864
1046 937
3685 2619
1453 2582
1722 2937
3004 2296
3408 1539
4255 3360
1660 2348
2301 4231
2142 3431
1671 3606
1945 2578
4933 1661
3165 4201
2415 3202
3744 3369
3363 1013
805 4230
2411 1015
3969 2389
433 662
1904 63
3111 1108
839 4549
2085 89
3515 2138
1042 1382
3734 3628
3517 2590
932 4129
3328 1748
1588 274
2049 1582
227 3366
1863 1894
1904 768
1368 3488
2387 2864
2115 3071
3903 3591
3270 718
910 4594
2677 1490
2463 2596
3746 1192
4487 3106
597 2633
115 3924
387 1553
76 3326
4592 3680
2600 3024
1953 770
3428 801
3974 3430
164 632
4008 4920
4081 3505
4882 3286
851 2490
825 4459
4603 1287
4444 115
383 3288
485 775
3506 3186
4228 2223
287 3
3371 1232
3148 2351
774 2406
2330 2107
2093 2581
4290 116
4548 606
1863 2797
4273 4495
2935 3845
2540 2148
2976 1664
2049 4672
95 2159
1424 2705
302 299
1890 3545
741 1028
3769 1037
4324 1160
1071 4147
2638 1483
3219 1362
1814 730
1376 1103
3161 1273
4412 4527
4025 4134
4448 2047
423 970
3240 1261
1713 2999
2552 3600
4598 4798
779 2867
2557 489
251 2143
4223 2264
3462 3497
4307 3712
4443 4630
1458 2236
2038 4237
2186 4325
372 4385
924 2226
3398 792
918 4162
96 435
1877 2632
116 4534
4805 4077
2261 317
1936 4070
3196 4892
1105 3972
2745 3258
2721 2930
4905 83
4448 1473
4548 875
3544 2199
638 3714
834 3266
3268 600
977 1662
1965 2539
1508 3451
4814 4505
1551 4924
692 134
3938 4194
4111 564
2997 4575
4069 3617
2442 1744
2416 4404
1188 2705
3685 2449
1814 1188
4802 1240
134 66
3439 2335
1060 560
3213 547
3902 872
423 986
3431 2617
1114 3867
3733 2292
1170 1441
3162 2693
4488 3307
3729 2709
3659 4291
1367 4737
2161 4198
4768 2886
2071 2990
3038 722
1102 752
4308 4102
4189 3324
2377 2516
1022 929
2099 1228
3537 3735
1696 2729
1399 3956
4128 3108
4624 623
186 4386
1740 4618
4223 2044
1393 3737
4906 3166
4692 1806
4185 3053
2568 2198
226 2779
3146 3913
4857 3688
440 4179
386 61
4136 3960
2415 2933
1506 2848
2527 4094
3182 4419
1068 2153
7 2411
53 1097
1738 3173
1698 3131
177 108
3957 928
3789 4920
3433 4230
1764 29
3881 4855
2006 4716
337 2437
4077 4492
1194 4414
4760 1285
833 701
3066 2938
1014 1686
588 2000
4072 1801
1488 3174
4407 3845
1256 3066
2389 3540
4124 3553
2373 4593
947 3882
1317 917
3751 2835
4047 134
110 364
3858 3651
4918 4710
1305 3701
4727 4147
3013 1808
4847 4872
595 1308
1901 2900
75 996
1933 2892
4010 4036
3058 2197
4010 4116
60 3826
805 3254
3863 4909
2677 3300
3193 2509
3076 4170
1173 2290
3618 3912
4640 1128
677 1418
453 2064
1545 3175
139 4041
1238 2895
2305 776
1881 2224
4132 3872
80 4930
4415 3608
4347 703
902 1981
4733 1191
3241 3277
3655 4388
4255 641
3481 1595
4803 3158
2720 1058
4821 1408
2137 4071
4564 303
3250 2181
1091 2332
4448 4132
2465 2587
58 3330
4717 4669
2845 2497
1661 4218
939 2599
879 2676
1645 721
3054 4385
2119 2258
2720 4161
731 1057
1213 1679
4774 4127
2631 3308
4914 2928
370 2535
1015 2839
950 1171
774 3435
4054 1962
907 4092
4187 4158
2565 2720
3490 418
311 490
1400 1890
1490 763
1328 1066
153 2571
3427 4507
3573 1708
2787 2682
1948 2586
4806 367
1821 4000
2160 3065
4309 1118
2822 4644
1799 1107
1844 4288
159 2280
2168 4381
2701 1125
4077 3405
1532 4579
4887 4539
4648 1135
1895 1071
944 4142
228 2266
3370 4001
1522 2794
2472 276
2591 3065
1141 4528
4157 4759
1964 3693
4593 1543
3213 3525
1133 4445
1831 1608
1881 2154
395 2054
3392 1536
4473 4861
925 718
2145 1632
3897 1396
1944 2450
3826 4753
2574 4434
3574 4694
3466 4257
3017 1646
1646 1211
2614 4275
2711 4429
3426 895
2152 2651
190 4680
2306 3880
2749 554
881 1524
611 2238
1675 2359
2689 3765
126 95
3169 4341
2053 4617
4421 4115
3132 570
2942 2094
917 981
3863 1675
1958 1673
68 1296
4032 1596
477 1662
4640 1513
3961 2281
1021 1814
1847 2222
3680 2791
1753 2119
152 2904
1964 571
230 3867
3478 3135
3093 2310
3704 3507
4029 2498
4780 317
1529 4903
978 3199
4049 1633
3651 2030
2565 851
595 552
40 1277
3961 2482
3789 2832
1451 4017
2432 419
3198 1679
891 4073
1580 1939
4479 2627
2924 2362
1407 4775
4452 3379
4825 1679
4679 538
3203 1036
2451 1668
2922 4305
3153 4607
4368 1157
3896 1079
3703 2723
1548 3313
1616 670
3209 309
2376 739
1259 4215
4015 2517
1178 3710
3090 958
4777 2128
234 725
4134 4274
879 1302
1621 3138
3386 206
3464 615
1210 2196
2445 2795
2881 2152
4825 562
4735 4770
4513 1017
2002 4882
764 4921
1610 758
3543 1235
433 924
343 1642
1837 3567
1297 575
3600 1682
2443 513
4596 968
503 2604
3748 1250
927 13
3735 1276
995 4153
1004 3662
4676 3542
3200 1643
3027 3372
4349 3472
887 1153
4311 3631
3673 4808
4287 3434
367 1286
857 980
4534 3588
3402 959
1257 1942
4347 4651
1855 2989
3330 2183
1026 1198
3638 2046
42 4857
1823 569
3714 1572
2343 3305
4010 212
925 1408
682 2079
4052 1262
2553 433
4042 1347
3903 3682
644 3044
4540 3080
3447 602
4871 3342
835 1159
3807 460
3626 2639
2093 30
4227 510
584 4417
1079 4335
839 103
4169 2292
133 1904
869 2222
3780 3085
1146 2616
1034 1136
1048 4919
4921 3863
3653 2554
183 1161
4143 3956
3128 3438
2122 1387
3816 2163
283 3805
2744 2743
2617 4063
3819 3195
468 246
2263 3785
2248 1743
4751 4867
4845 2986
1087 3640
4611 1284
648 3859
21 89
3513 1755
241 2914
4622 3422
1298 72
1866 467
1915 2533
4363 1885
3543 2908
3143 821
1277 4596
2208 4770
3864 4472
4297 4532
2037 1405
4377 3220
3208 3249
4577 1829
2408 146
337 1334
1796 1897
667 1850
3481 1526
2114 3094
3578 2249
294 3590
4446 405
3988 659
2004 3856
2512 141
3493 4666
1761 2665
3435 3218
2565 2167
424 2683
2437 542
3974 544
3927 3163
2013 601
42 3279
3783 1717
4157 1377
2976 4823
2605 3650
668 1544
3652 3292
1859 527
260 427
705 1649
1528 3697
2220 4794
22 4297
2602 4227
2387 4411
944 4642
2037 2315
3286 2130
2839 4619
2085 3488
911 3593
2947 3668
2235 2984
1019 787
1594 3374
150 399
3552 704
3941 4886
2160 261
2695 2214
3618 79
4862 326
3878 4013
462 3724
1768 4680
1020 4863
3537 1317
4922 916
2455 3723
32 4493
1222 2871
2547 1167
164 838
2381 3581
75 359
4247 3187
1454 2838
810 130
1286 2726
3355 2809
4393 3957
1863 4634
2759 1665
4664 648
1001 3854
4290 3829
4368 1128
4784 1785
2057 3512
2835 1385
2422 1300
4308 2479
4759 310
4518 543
903 534
2208 3979
2219 721
2318 3897
231 695
4034 1280
4288 357
4285 2910
4005 4467
3386 1030
482 562
3041 4814
4907 2667
820 1326
1029 4320
1146 3843
3128 2964
4677 889
4652 4504
1462 3411
1744 1306
1952 919
3851 3739
1964 2550
1328 1567
2962 81
978 17
727 4171
2074 3702
3645 4924
2411 3198
1128 3124
3982 2879
3240 1918
286 1242
2501 2
837 1165
2320 1076
1373 2364
4601 1024
65 4592
697 4636
4838 3216
3636 3759
647 1832
2547 3778
2195 2641
2197 795
624 2727
2415 4224
1610 432
696 2618
1063 1589
2313 4391
4786 4668
4069 4739
1674 1121
117 4794
371 1639
4385 2837
4111 1301
2891 610
1592 3305
929 4723
2435 3735
117 43
679 1162
3275 2779
52 3335
4107 999
820 1564
1073 4256
703 959
2011 790
3121 3159
797 1248
3589 1524
2056 694
3270 1188
3055 3546
4561 4265
4584 2454
2122 4032
4845 2183
2011 3357
3281 4265
3797 4295
2654 3168
3545 3959
3551 2192
4117 1002
879 1517
2296 1329
3544 4315
1362 243
932 4836
2032 2553
3156 4420
1671 3263
4146 3054
3892 1218
4923 529
1282 2819
1473 4844
2497 1104
2118 2889
1906 803
788 3861
4254 2814
774 849
1218 693
626 3739
1261 4705
4848 1926
1273 1574
3609 2959
3252 2499
2685 2433
2552 3661
488 670
751 3230
532 2964
3327 4673
829 1314
3375 2067
121 4548
3854 2851
883 3762
450 3738
1432 3915
1427 929
3271 415
4217 2216
2218 1727
2606 4900
1328 2275
1649 3076
2373 2357
4597 1170
4003 3405
4443 41
1334 4220
152 383
3376 3214
295 4687
1144 2581
1648 314
769 1161
4591 2741
3746 2898
4337 4125
4117 1860
2018 346
557 2295
2585 3954
4046 4149
2013 1923
2382 134
1241 4072
4541 3850
366 3341
1201 4075
4913 3278
2195 2779
939 2104
2909 2588
2183 4545
3647 272
3229 3155
345 4022
3718 4888
948 562
1957 1807
1451 396
3234 3961
4578 3050
370 3716
936 3531
2090 4692
1447 526
4582 4020
3977 328
2127 2583
2460 2416
2539 666
2974 4864
4692 1363
2072 4204
4232 4415
4206 2141
2052 616
2945 888
1394 3060
2189 1404
3497 2348
3502 2528
1103 563
2078 133
1515 4729
1281 2294
1272 2640
2537 4609
428 734
758 4908
4802 345
4776 4794
634 2175
898 2985
2383 2789
1187 994
981 537
4862 4818
2278 2330
4643 1099
1582 4763
2436 1997
1463 4938
4248 1444
3097 3015
824 3601
1796 4239
4929 3562
3167 864
3746 2005
1220 3882
688 349
2765 3187
4671 3943
44 2478
69 217
2504 2870
3608 2933
1666 200
747 1679
3141 2658
3682 2878
4707 4512
1282 4622
3475 2853
976 3133
349 2027
2977 3027
2611 4813
3145 4711
2136 2082
1055 3399
1104 4815
3209 2971
4273 914
2372 1072
2751 4652
1962 999
1014 1187
17 1750
1091 4939
2458 2903
3191 3903
3394 718
3582 1270
2197 4304
3868 1018
661 707
2885 3803
2133 1474
3175 3198
4433 983
515 1672
412 3548
3817 4452
703 1276
500 3511
1760 2597
4734 1193
1905 3161
1228 3524
3876 1426
1844 3772
1927 2357
3613 3017
2136 23
2538 4038
4434 4536
3827 541
3444 2893
2441 1029
3132 1274
4644 1923
652 1805
1188 3348
4848 1417
4526 2679
1920 1991
1173 2546
2415 1930
2443 1364
462 2180
793 2621
1297 1501
2503 4082
1077 4088
824 1228
2425 3062
1904 3278
598 1410
213 308
4718 1903
2899 3951
718 4707
720 1286
75 57
560 528
3987 3013
644 1221
3249 1297
3855 3900
1966 35
1362 301
946 881
1233 69
2883 507
3077 1776
1859 4241
3474 4210
4112 2707
1613 1603
3672 4503
753 2472
91 2031
4010 4037
3554 4511
866 2231
2669 1370
4342 3675
917 1888
4260 1318
1445 3990
2345 275
3278 1822
1904 3798
2402 4752
787 2963
3379 2667
4329 623
4259 825
3550 1184
1007 3801
4010 1721
1778 4269
1943 186
769 183
4354 2643
3693 1898
592 800
794 816
4448 3676
2331 1436
243 2072
4226 4917
2620 4679
3704 1357
1621 4255
1338 171
2595 3026
2343 2742
3381 1560
2617 1046
4763 1078
42 3633
4580 1377
1942 2787
1084 1244
791 2862
1529 746
2386 685
1911 307
4288 4624
4639 4355
3483 870
1081 837
4002 611
1086 4440
1488 4265
2203 2303
2562 4482
543 4104
607 968
2335 479
4297 4349
3503 4795
3784 1267
3771 978
4931 2833
117 1667
2353 1136
2293 828
1310 3618
2837 2368
2713 1115
1219 168
883 245
4824 4463
717 923
1197 1110
4247 4916
3259 4912
2070 3393
4423 3277
3981 182
524 110
3132 1093
3003 1146
104 3769
4571 4022
2898 231
1345 966
3789 1889
3529 3570
3185 543
4304 2786
2303 2207
1542 2486
4246 207
2825 85
855 2901
808 372
4428 1378
1548 251
2745 3757
3460 3987
2460 4296
1300 625
3840 2118
3542 2284
852 3261
4279 4114
390 2152
2695 748
3270 2567
3031 2816
553 3881
4940 3938
2603 289
4760 4931
2991 4855
4221 2973
1842 2004
4212 2162
4403 1281
2181 1380
3734 1702
4177 3919
174 3206
275 3980
2669 114
4021 4012
4361 1180
1120 1872
432 1311
3270 3394
2546 3340
2177 2255
2239 2229
2616 929
3569 1105
976 2263
879 566
1028 957
2521 3912
4015 2607
3304 1251
88 4873
4536 3558
2525 2448
757 742
3003 3169
1016 2109
3191 4080
2317 4885
2037 1570
117 4506
42 374
3960 1351
1646 4425
2763 2310
889 3674
3961 950
908 4002
3685 3852
3860 3993
1399 4191
2725 4229
2534 1378
516 864
1625 787
4518 3334
1513 1304
3162 4308
4327 4557
781 3502
4050 2133
2519 2199
246 1663
4772 1007
797 1975
4459 4552
4930 4099
1859 398
1626 3354
3249 4254
488 2222
2687 4781
1158 4603
1814 1424
4784 2670
3351 3568
1514 227
1282 3449
3773 1022
400 4709
2163 4707
3462 3194
678 4923
834 1734
4040 325
2086 2518
1660 2671
879 3412
2904 4338
645 3660
52 1016
2802 2063
3916 4359
3183 4246
1570 70
4173 3737
4464 50
3198 1213
4684 3698
4839 2444
639 4324
4657 937
2852 3191
3185 1296
2203 1631
3961 1711
3228 3445
4858 1826
4682 562
1487 2724
3236 4752
830 3599
2503 709
4729 4282
1211 1388
2553 3848
2610 2408
3607 2158
512 2866
3746 1592
2950 938
117 4835
2552 4822
3033 3664
3986 2854
3053 612
328 2354
1485 3178
1446 1475
2512 4485
787 1026
2955 2598
4684 96
924 3740
2431 567
4184 1960
2220 2265
2911 644
327 2783
2064 2002
3329 434
4025 849
751 935
2952 4745
584 767
1473 163
720 4388
4479 573
1001 4599
3840 1570
2198 3669
2090 3436
1691 1571
4601 4695
4028 655
788 4756
4089 698
380 2542
4037 4499
4116 2228
3055 3259
4165 4279
4448 773
1042 154
4821 2322
3295 935
4028 1562
4420 3846
3269 4587
1199 3268
3722 4851
932 4880
177 4637
2190 402
2239 1208
2299 1139
2597 856
1523 3371
3666 1898
839 969
715 2875
3329 2479
3176 2242
4649 3118
685 2411
3077 209
1305 3155
616 4474
4909 2700
3433 2326
1507 53
4669 4780
4478 521
4146 2717
418 452
27 1541
939 2889
3529 1324
4713 120
377 3018
367 3655
884 3864
942 2228
2208 3925
638 1572
2208 2651
4260 2422
1841 3903
3917 3035
3577 530
2784 3651
2203 1064
4251 3485
1701 3614
3439 2463
3982 4697
3819 4128
2583 1683
2343 3347
161 1504
3389 3301
4282 2768
3909 1431
3241 1123
3606 218
1979 3147
140 82
1835 495
837 1222
4472 2885
546 2221
2745 441
1210 1646
377 2341
2274 1259
1555 3454
4188 857
974 3753
2543 502
399 442
1979 1292
2841 4484
4548 2283
2682 602
4626 4214
1904 1479
358 1248
3732 3696
3034 247
870 3048
4290 2356
1905 2062
89 2482
4574 911
2282 2304
3984 4697
23 550
3967 2524
3999 4850
53 2765
4288 4773
2823 4851
1457 1162
1551 3568
287 4655
3919 1695
641 3515
4487 4247
3328 4222
4824 4466
4860 3278
2824 1493
3416 109
1538 3346
1671 421
3824 862
3344 754
489 468
4012 2686
810 4458
4759 2336
2458 2397
3220 4007
118 4024
1705 1821
2988 2999
3209 796
3579 2470
3645 691
463 433
3213 885
265 21
1868 2923
2772 1914
4530 2824
3950 2659
2061 1441
475 172
326 2899
2991 1549
3459 4833
48 132
4047 2666
3344 4393
250 2751
1115 673
348 2249
3693 3801
4669 1191
4745 535
3123 2799
3289 2660
4724 2888
1100 523
3523 4027
787 2521
1511 786
1844 2346
310 1514
2704 4025
1571 4721
2415 1497
4256 3542
4689 2812
1181 4862
515 3183
2125 2318
2437 3747
2301 4450
390 3925
1518 2647
1695 1235
2780 4386
292 1942
2510 809
4442 1947
2125 3894
348 2955
1649 4857
112 1579
1676 4260
4901 542
2382 692
1271 768
2321 3529
2984 170
3444 4734
3408 3979
1855 3978
3844 4760
3873 4179
1482 3638
1308 4874
3169 2589
4113 4329
3632 4539
4223 4743
2898 3597
1469 2514
2102 3490
939 4432
1263 4011
3782 3275
2891 2656
2692 1555
1795 636
2888 3277
277 4940
3744 1787
1916 2880
33 4228
1626 2839
2080 2943
3657 1469
4933 3099
244 3098
989 468
4010 1156
2411 4446
2614 4222
4758 869
267 4706
134 2849
2789 2123
869 2218
727 4765
1181 2129
1073 1627
3922 4301
75 3204
2800 3768
1107 4377
4622 1642
1105 3289
441 77
2493 12
4559 1202
3979 3925
2594 933
694 3871
4244 2914
3249 4352
293 1416
758 1498
2769 2302
4891 4652
1590 1636
3221 3763
3590 1602
731 4643
3782 3514
4725 1696
2703 4570
3830 1545
3725 1261
1726 4783
814 2315
2830 1778
4142 4926
2537 1264
992 1376
3935 1988
253 2206
1298 1196
3392 1665
4135 683
3602 1363
3187 3982
4010 3506
3802 1671
4689 3452
1647 2257
4406 2897
121 3156
2870 2603
1392 1799
1292 3288
2011 827
2035 4095
872 1613
3687 4011
342 46
1281 3970
4348 3394
4707 2210
4317 1846
1923 3083
4162 4195
3158 1254
1883 1317
1255 2895
2335 1565
4146 745
4217 4724
1364 2006
339 2708
4188 1520
2064 2282
3565 2301
445 4164
733 1109
644 1389
274 3246
383 1799
1360 2661
4913 3623
2765 981
2534 4526
2254 3806
2024 2643
2093 829
2034 278
2086 1074
2327 1689
3755 2766
3800 1182
3587 4576
2707 2418
4825 196
727 4871
1310 1132
228 2900
1120 2347
1801 1854
2835 3267
2663 2355
1814 2705
1624 3687
4582 2673
223 1974
2505 3930
1404 123
464 1351
2096 2858
3003 1552
2836 875
839 3504
1760 3303
3297 4919
1423 931
28 4776
3676 2178
4091 3272
986 4804
3011 16
4507 4820
2003 4738
787 3299
2229 884
1446 561
4329 3898
1121 3653
1300 1168
1965 2638
1746 3120
1781 4034
3194 2317
447 4681
4689 3264
875 4468
3873 2752
198 3573
3371 463
3193 4062
4234 4838
1830 4661
4602 3985
4213 4459
4135 4031
3527 3466
152 2392
1530 2188
1545 3198
1317 1981
692 1424
2261 3377
186 297
1801 4822
2331 1446
1760 3517
4452 1967
1799 4183
4829 3005
3342 4341
333 3324
1349 2800
2854 3052
197 871
4276 4851
1209 4481
814 52
3819 726
2663 3409
4379 1974
67 2360
1786 3417
3260 3254
1116 524
243 3265
4596 4383
923 1771
4254 4549
450 1989
2673 1712
1265 1837
9 800
3736 3512
101 4442
1502 377
4839 4276
3488 3324
2043 3592
450 3064
226 99
724 3177
4045 3770
732 3827
2345 2852
3249 1503
564 4636
4152 3937
1686 149
4569 3513
908 4554
2489 4262
4917 3136
4350 3966
3203 647
2780 562
1328 1265
1194 4170
511 1116
4087 3181
852 938
1131 4630
3193 1946
3565 3376
3011 3868
4725 1841
58 2183
1384 702
1093 4791
3426 1272
879 67
4120 2050
4267 1421
2788 4170
2762 2860
4868 1151
1780 193
503 886
4729 314
999 3447
4802 1407
3512 1477
3974 422
2836 2453
4852 59
2579 669
4890 3823
498 4309
2845 2807
2006 1166
3363 112
3121 6
3587 1806
4653 3015
2460 4310
3474 2793
735 3206
3670 2095
1881 866
945 3396
3543 1842
1875 4684
2792 2658
839 3963
2907 880
938 3862
1139 4559
2444 142
4091 1508
4067 801
839 4368
847 367
2039 710
2242 4086
502 2677
1094 166
2494 3413
2647 4437
567 3533
36 179
3011 1864
7 685
4385 598
2373 1770
3332 977
979 225
2944 2731
2607 4504
4142 169
3848 3934
3484 1833
794 3529
230 322
837 794
2232 3067
3500 3556
4893 2313
3566 12
2357 4737
652 3333
595 1705
1759 2174
3102 3238
3444 2179
3242 85
4392 4000
3621 2508
2681 388
3964 3667
4273 656
4290 2272
4255 3200
4242 4379
2843 3915
4561 1881
2919 779
844 907
4683 2896
853 771
1575 1158
3288 3706
4843 4124
2137 2958
2544 254
3746 834
4821 1505
4100 1827
326 3760
4434 3692
2713 673
2699 2909
3250 4845
4696 4200
3778 3507
1955 2099
4480 155
981 714
611 2489
2370 802
4582 2902
2825 40
4393 4811
1233 2674
841 645
389 3467
679 4439
180 1296
2092 2146
1330 2917
3463 4417
488 373
910 4688
3627 1895
4863 1186
1377 2889
3662 1456
2986 3610
486 4153
4030 2056
2662 4408
4448 890
3838 4354
3127 3302
3875 33
240 1091
2922 2125
3283 679
2164 1729
3750 873
4725 456
3610 2483
4929 1709
1436 2286
2386 1023
1786 3831
4755 2688
295 1064
2853 5
1846 2480
1713 413
1233 879
450 279
3449 4140
3537 3730
3049 4369
1555 1397
450 3491
4237 4115
4056 3131
2911 4113
4679 1381
4895 2424
2406 3358
385 3012
1014 994
805 188
1470 1767
2085 932
2969 3745
331 488
2650 2491
1578 1001
141 3151
385 2954
1474 269
1319 3397
4804 4834
2136 2891
2310 892
2171 74
1585 1258
3816 438
2512 164
3562 2619
1494 1684
1217 4255
1777 1122
3153 3650
715 1550
1361 1470
4848 3786
3872 2306
4216 2407
3249 753
2441 2243
669 2410
2629 1669
3662 1769
2211 4774
995 3365
1655 1226
3189 412
2897 668
16 1809
1621 2145
839 4640
1833 1289
4816 3015
4073 3759
4423 1565
3964 4070
444 980
1715 86
3563 1988
4893 4144
2393 1002
3535 3907
3887 830
3819 4448
3684 2962
4670 4524
4318 1292
4111 3754
4518 2390
1556 2532
3261 1937
3840 3867
4905 1221
13 3338
3100 3172
1476 4699
3986 4080
2527 1724
4500 2996
3632 4069
3787 1270
1958 1025
2437 2983
1912 4296
4188 1916
4047 1586
1777 3568
904 1551
4054 2882
626 3355
737 2260
1644 3143
1001 1172
4792 2411
2162 2279
1004 4437
1665 4538
4206 3317
1724 3052
2382 4424
3342 3591
3899 4606
4105 3094
884 1126
4092 3622
2014 875
4323 1742
3557 1529
2032 1134
3412 3976
4431 3664
4362 4654
616 2366
3672 2847
616 1156
4582 1532
873 4323
2373 2918
3740 3676
4572 1175
575 4150
1028 1105
705 3877
1815 4421
4122 1788
2805 4667
444 2429
25 342
3208 4068
1956 4193
3497 273
1610 1527
1329 2026
1361 3809
1236 350
1616 2549
727 2975
3666 3086
210 1135
1233 3310
2917 3350
883 2673
793 3237
1488 2011
1611 297
4229 4223
3191 4725
2082 3866
1145 3628
4523 4465
2300 2204
4798 4401
1232 2209
723 235
4232 3092
2504 1173
2730 2905
4565 3679
2584 1023
395 1793
4852 2784
2100 4712
89 3909
4290 381
1070 1902
1801 4628
2201 797
3701 2864
1076 1298
261 487
4598 711
2411 4606
4891 3624
2929 4852
3789 249
1464 580
4845 1746
882 2959
2785 2460
2951 2050
1420 370
2564 742
3784 348
2433 1789
4604 1282
805 2716
67 3881
1559 2372
114 962
726 35
1217 4781
4045 3364
644 4905
401 1174
1874 1633
643 3079
2075 1599
2810 4934
1025 4676
2503 261
2785 872
3501 3621
242 239
3401 1365
2562 3643
2717 280
4536 1546
2411 3899
3639 2938
1753 4901
1753 1032
1671 580
4273 2121
4800 4894
2495 2699
519 1318
4845 232
626 2855
1830 2274
2600 2764
2464 2663
106 2065
4044 1853
2807 1094
4255 1530
3305 2043
4458 2233
4503 2209
90 2234
4802 1581
1768 3441
2023 42
3401 3509
3221 3083
2549 1495
2231 483
2905 1140
2064 4112
2496 3977
2248 1644
4614 3814
73 4203
2790 4472
297 196
2392 3410
3234 2374
2324 2296
4622 654
2897 1984
1743 3870
4111 370
4085 2338
4915 3633
1906 3777
3101 1685
482 186
2509 2327
584 1316
1185 4585
4113 3710
1041 4237
2248 995
522 703
49 750
2592 2203
519 2566
428 39
216 3594
72 427
4548 3807
4176 2111
3689 2256
2152 2411
1417 2683
3746 4047
3935 224
3613 1210
493 948
2784 2337
4198 1314
3508 735
1978 2468
3936 1144
2696 1621
3641 4754
2978 1338
3133 3216
3353 2447
746 4367
659 2401
2532 4630
750 2474
2932 3271
4286 256
163 3482
48 2542
2941 1987
4703 1509
2301 2122
3052 3367
1530 451
3471 4731
4821 1846
447 2112
566 1510
2754 2910
4137 1730
4675 780
3003 3903
3978 1917
365 913
2286 3243
1637 2629
4868 4163
4170 4716
2717 1879
3621 1512
4727 2740
1713 4742
4667 107
1963 1959
150 171
3288 2628
1535 4873
3961 3567
2551 3962
889 4602
3263 3359
3367 2022
259 4417
1481 4035
998 1783
3604 769
4000 2753
2376 920
4395 3352
105 620
3464 3653
4111 2771
3414 3078
337 265
4711 339
1626 2152
2324 2475
2946 113
676 4714
3903 4277
4155 4891
4272 2327
1825 4884
2019 2744
3242 4248
4431 2908
410 3647
4005 4423
746 3269
4804 3935
1652 2469
1128 4489
1209 4492
2679 211
3564 4401
4408 1098
2737 1836
1105 973
3783 3229
4107 3314
2440 2538
295 2593
2985 2006
3003 423
3223 510
1516 2037
4889 1474
2552 1184
3395 149
2387 361
2282 149
1600 4072
4581 238
2654 1677
4393 276
3123 1539
3700 2602
4134 2269
4892 2160
265 4922
4560 4558
839 4627
3327 4649
634 2648
2689 3378
3731 4893
1601 4026
2335 555
2407 90
1762 4513
689 68
1289 4190
2075 1908
2479 567
4871 2622
1235 8
2983 542
866 2155
2912 1073
3015 534
4189 2865
887 3068
865 4372
3774 1479
939 2426
2950 616
3286 663
4452 3699
1489 3855
1495 3939
598 1706
217 1795
3943 1453
3342 2622
3349 618
2053 723
4111 2510
3196 4936
3225 2846
167 4586
4806 3152
4527 4040
2618 2393
1107 2551
3344 3448
2890 1722
2923 445
3085 3413
3734 2468
2734 3094
1631 2813
2946 3479
4533 1201
3967 4880
3555 4850
1990 4790
1031 418
4518 880
1892 4509
3495 4615
918 643
367 4388
501 459
2861 4553
256 3791
4217 804
2478 3060
4133 3344
3830 865
4472 1862
2591 1169
221 1553
462 940
2974 752
3142 1128
3005 307
251 1893
1354 2503
2827 295
566 3255
2322 1408
650 1244
1592 4887
1345 2853
3942 4685
2999 4123
3516 897
3439 1146
1827 1949
2444 4937
4332 3997
1904 4000
1660 1547
1623 2029
404 4662
357 3713
4371 191
360 1572
3964 2861
53 401
2936 3321
2803 3670
3752 3974
533 2320
4413 600
1423 4268
395 1932
2227 2515
758 1022
3366 1796
2149 3315
1015 4422
2267 1239
746 386
1087 4695
4639 1719
357 2477
401 867
1891 4435
1147 2802
3165 4298
2674 4683
502 3859
1870 4700
2976 223
1732 2801
1692 2414
3014 1027
1015 2651
4318 4535
3887 2030
1886 1119
4639 1154
1094 4152
2372 3926
174 2166
3835 2877
2676 1813
4264 1059
4574 4074
2704 849
3534 100
1978 4865
4503 1232
2328 817
2721 3197
569 4869
4506 2403
1529 4720
310 3444
1807 2066
736 2755
3218 900
3003 2060
1003 1400
1799 4535
718 627
4561 1654
1261 2812
335 3800
4152 2540
2609 2915
1261 1918
3414 410
4119 661
3901 2069
1876 528
2457 4935
89 932
4860 253
3733 38
2365 1708
1466 4433
1087 4601
1463 234
1282 1868
4476 642
3770 233
3627 410
2335 964
2071 3120
1680 1994
2276 3084
598 4739
1131 1306
4377 4866
3189 1617
1491 2551
2171 1893
1516 3840
4859 1326
2893 4239
1844 652
746 3947
75 4586
3668 3161
370 4875
2619 1072
3114 589
4893 3932
4000 55
515 2361
4026 2329
2500 4374
1883 4013
968 2966
700 2785
1361 1229
4588 2092
839 4693
1398 3614
4792 2152
3344 2334
4267 514
2456 2232
4725 4186
198 3386
1520 4185
4279 2282
880 1366
2891 2082
4021 1952
1194 3069
4452 2473
548 3388
1473 890
939 858
4939 4697
4597 4816
2369 244
264 3301
2626 2757
1515 3242
4690 4053
3834 2110
4188 4185
2689 778
3579 2379
758 760
1260 47
305 3407
4045 3973
2986 610
450 2259
927 4521
2208 3123
1382 4479
3267 3232
2897 3280
3652 3741
3611 683
1583 2412
3813 1650
3591 3611
1601 3630
4732 2359
450 18
4038 4078
1328 3176
1595 1267
3427 3488
3371 2792
1094 3604
1592 2343
99 2839
3968 971
3733 3711
3570 1986
626 305
3987 3257
1658 687
3660 3632
4099 3792
75 1785
4668 4497
3978 3000
2001 1082
4262 1703
1330 3350
2933 4360
116 645
4904 745
839 4076
1865 677
4825 1322
4449 2630
1726 4305
481 532
2411 499
3662 14
3195 2738
2640 1465
4874 63
75 2495
3203 378
4802 1425
753 1519
4863 1769
634 2798
3687 2630
1819 3847
2101 2436
1965 3975
948 186
361 905
1021 4702
4573 2300
457 4561
4339 604
4835 2772
3535 3291
1691 3730
503 4484
157 979
868 3122
3061 1815
455 3784
1654 2747
4846 4368
1523 32
3202 708
2671 1230
1319 3112
3870 1698
1527 4423
3343 2036
13 2376
833 2943
2353 1043
3137 433
1436 1457
2117 4043
1427 1146
4852 3309
1406 4176
4744 4070
2139 4728
1725 3722
2502 1990
1188 2567
2329 3245
1551 2009
4202 799
1601 1241
2364 4006
736 3811
4167 2159
917 3433
4794 4302
3074 1451
4891 250
2029 4825
4226 315
968 56
1213 4372
3391 4502
2761 263
644 1573
2331 4087
4564 2153
3812 1891
1952 2735
4565 2271
4770 3408
2242 3544
357 2853
1802 989
2457 2725
3990 71
4660 661
4390 1460
4224 706
3819 3904
737 664
3440 3844
3653 766
2681 2299
4288 511
4841 1402
3327 354
4488 843
3359 358
3284 4318
3459 3316
65 3023
925 4512
1332 293
3492 2915
4057 2167
1250 3730
1355 242
2000 4369
421 3842
3626 1584
1626 1763
992 3238
1648 1699
1228 1710
945 2829
4485 4398
2619 4659
1545 4704
238 1477
4026 1151
1142 1285
4393 2182
2458 4166
1457 3839
239 1320
1930 286
867 2212
4481 2218
3045 3774
739 1945
3208 3210
2983 4356
506 3160
2770 3707
4324 3666
1281 2719
4574 439
3920 1868
4479 3584
1059 2901
67 3927
2793 4708
446 3150
2553 1086
4316 4749
974 1790
595 613
4111 2055
3518 1143
1480 2738
2380 583
4328 452
4049 158
182 1403
3933 2710
3485 2044
3830 3175
8 2903
4858 3650
2383 4601
1830 4098
1319 4351
4144 522
4211 4718
2183 2071
4198 1834
1003 3959
4497 2236
2647 1145
10 939
1308 4392
477 4754
131 149
4541 449
4396 789
3139 1011
4844 4270
1302 778
2168 4688
3073 3260
1454 3997
1411 4719
260 887
493 186
4158 1399
1015 3925
1021 473
4069 3971
1330 1408
1422 2636
3313 194
2565 4057
3270 3742
2865 4647
1907 149
3144 1492
3936 585
3220 4488
1932 3144
3248 2857
305 4798
4845 4902
3247 2213
1473 3482
839 1128
3961 21
410 2662
3038 3841
1330 4739
1530 2352
1613 4408
323 1466
513 3418
3520 1243
4291 1670
1379 2435
1308 2856
4079 94
4002 5
1094 3440
4086 3395
2897 4583
4582 3888
2085 2297
4874 4055
457 3157
2078 4635
295 2203
2571 4574
533 4660
3714 4796
2164 4106
3282 152
3058 795
4824 2570
2959 4621
3630 2329
4792 3899
3820 4724
4323 3411
1533 2691
2992 1515
1769 1504
4180 799
3028 4334
3474 4442
2661 2008
2949 2122
3830 493
1450 4457
359 1200
2805 4613
1134 793
2325 2003
2032 793
4461 1394
1 3189
3120 1380
1590 1295
634 2639
4504 2417
1188 1424
2421 3605
2063 1619
3735 1088
3132 2446
1055 2087
668 1753
3305 4887
2208 1539
2981 480
2738 4811
3982 1951
3911 2863
1523 244
2060 3057
4365 4406
4695 3404
3854 603
4561 724
1985 216
1990 784
2596 2253
2776 3268
2003 2004
1989 3494
3212 1191
4134 2634
1008 3035
420 3109
3132 4480
4808 4419
228 2931
2483 3559
2338 4208
1846 2368
3484 3611
642 350
4111 4126
1449 3483
3311 943
4546 658
3694 907
928 103
1786 1857
674 2538
3777 3860
2688 4075
1065 1044
3577 492
1581 4098
466 4326
685 186
3327 4355
4481 191
940 551
4366 2293
1969 648
1232 1433
1328 2012
2084 1960
2069 1369
3025 4796
2091 3806
4183 119
549 4319
1003 4591
1074 3649
4379 4807
3762 245
4532 3284
4417 4390
2736 1080
1764 2172
3458 1082
3112 628
4377 2537
3443 2026
148 3198
896 2784
134 3906
3423 4659
4289 4181
1471 428
684 4895
2711 4464
2679 2558
2596 479
134 2252
4766 309
3028 2227
3131 2843
4086 672
533 3828
774 3212
3478 3121
1571 2868
2701 2296
2071 2675
2970 3884
4101 1702
4052 1957
2143 4435
3146 2355
3416 3479
1815 1041
1980 930
314 336
3093 892
2007 3586
1671 1836
2386 226
3132 2749
1609 1726
3262 391
4434 2033
644 2065
3208 1503
2479 4117
3120 2990
7 16
326 2514
4345 610
3512 238
1499 4501
4590 1036
3474 4268
2239 622
1112 491
4727 2400
4050 2370
1499 3428
493 865
2024 4631
1144 1865
3884 2085
4475 1888
2333 4090
4685 4836
75 2921
1530 2289
2697 4146
1463 725
383 4535
2728 1442
262 4563
3131 126
3203 3228
2211 4856
2346 3772
787 1310
1799 4656
4582 4579
3746 4290
3733 4169
4040 634
3015 2022
2531 4672
2465 2763
2630 719
190 3441
3648 100
1768 3992
4010 1216
3122 4524
1766 4687
547 2591
4909 1428
3155 3432
444 3253
128 3837
3211 2438
1107 4541
121 362
3897 1908
315 1608
3004 2961
4072 4686
2297 4927
3662 987
4134 2921
3786 2652
144 2977
3636 3503
1642 3642
2365 1577
2376 1818
2193 862
4142 4793
4395 1295
1212 4386
904 820
4835 2403
4725 4671
2765 3817
2171 1369
715 2828
2664 169
1644 926
1115 1344
3921 3486
1147 2063
1202 2982
4375 3229
326 3365
552 977
1298 2013
2374 138
4069 1288
2419 2612
2500 118
2465 4358
2548 1925
4353 1491
4283 1909
13 1378
939 854
3639 1912
4518 4174
672 1907
4725 1915
4050 2561
4406 1984
1811 4501
1820 1590
166 922
2896 3992
2890 117
3813 738
1058 281
1454 1401
880 1597
2744 1735
1091 2530
474 178
2738 4485
724 827
4316 145
2464 2034
1656 4613
1096 1701
1654 4430
3620 4033
4531 500
2799 1758
2460 283
967 3888
4219 2238
3250 4641
2611 4897
1642 2778
4930 3717
3249 3908
4492 1360
1514 3401
2444 2084
4659 2146
2461 3926
2007 2466
2402 2278
2473 1356
2899 2484
2048 4306
4060 1918
307 3320
3746 3016
357 2752