4941 6725
2428 277
2428 1384
2428 1867
277 4940
2218 1616
2218 1727
2218 869
2218 4481
1616 680
1616 733
1616 3063
1616 670
1616 2549
116 4904
116 635
116 4348
116 1192
116 2043
116 4290
116 4534
116 645
4904 1956
4904 745
4273 3528
4273 2171
4273 4918
4273 4710
4273 4495
4273 914
4273 656
4273 2121
3528 836
3528 1997
925 598
925 645
925 1330
925 4739
925 1706
925 1309
925 718
925 1408
925 4512
598 4821
598 1410
598 4385
598 1706
598 4739
2844 4696
4696 4444
4696 4200
1114 2920
1114 1516
1114 3867
2920 70
1609 614
1609 2922
1609 1726
614 1313
614 3168
2746 1172
2746 1019
1172 1001
1868 3949
1868 4193
1868 2898
1868 3732
1868 4622
1868 1956
1868 2819
1868 2923
1868 1282
1868 3920
3949 3889
3949 2923
2083 4293
2083 3424
4293 1482
3899 499
3899 2651
3899 1015
3899 3059
3899 2152
3899 4446
3899 4422
3899 4606
3899 2411
3899 4792
499 2411
2308 2572
2308 3328
2308 3904
955 1719
1719 4639
1826 3172
1826 4607
1826 2605
1826 4858
3172 4607
3172 4084
3172 3100
2527 3331
2527 4316
2527 27
2527 3986
2527 4094
2527 1724
3331 1481
3331 3191
3331 4080
3295 751
3295 4809
3295 935
751 2645
751 3230
751 935
2925 1772
2925 2211
1772 4014
3085 3286
3085 3780
3085 3413
3286 4882
3286 2130
3286 663
72 2013
72 2079
72 1298
72 427
2013 601
2013 1923
2013 1298
4901 4221
4901 4402
4901 4529
4901 542
4901 1753
4221 542
4221 2973
2116 1987
2116 3273
2116 2941
1987 4544
1987 835
1987 2941
1265 3328
1265 158
1265 2614
1265 4049
1265 4087
1265 4222
1265 3420
1265 3087
1265 4275
1265 1635
1265 1066
1265 1837
1265 1328
3328 2614
3328 1748
3328 4222
3474 1423
3474 2127
3474 2583
3474 2635
3474 3106
3474 3480
3474 931
3474 1947
3474 4241
3474 4210
3474 2793
3474 4442
3474 4268
1423 931
1423 4268
1305 221
1305 4406
1305 4600
1305 3701
1305 3155
221 387
221 3155
221 1553
3778 3779
3778 2547
3778 3507
876 2496
876 3244
2496 803
2496 4154
2496 1835
2496 3977
2195 2152
2195 2881
2195 390
2195 1626
2195 2208
2195 2641
2195 2779
2152 2839
2152 1015
2152 893
2152 2651
2152 2881
2152 390
2152 2411
2152 1626
2152 4792
2707 1899
2707 2706
2707 4112
2707 2418
4406 3701
4406 2897
4406 4365
4406 1984
996 2511
996 75
2511 4105
3429 1563
3429 2745
3429 441
3429 4062
3429 2802
3429 1196
1563 3077
1563 2671
3361 4358
3361 4928
4358 2465
880 2850
880 4168
880 4464
880 65
880 2907
880 4518
880 1366
880 1597
880 4396
3743 1678
3743 3418
1678 3192
1678 3279
4393 2553
4393 4254
4393 2814
4393 3957
4393 3344
4393 4811
4393 276
4393 2182
2553 2374
2553 2738
2553 1382
2553 4076
2553 3963
2553 433
2553 2032
2553 3848
2553 1086
721 1323
721 1645
721 2219
753 267
753 2472
753 3249
753 1519
267 1519
267 4706
3143 1243
3143 185
3143 821
3143 1644
1243 3520
1436 4087
1436 2379
1436 1480
1436 2613
1436 2331
1436 2286
1436 1457
4087 3904
4087 2650
4087 734
4087 2250
4087 4188
4087 3087
4087 3181
4087 2331
2922 3894
2922 2654
2922 4305
2922 2125
3894 191
3894 3535
3894 1775
3894 2427
3894 2125
2176 1385
2176 3751
2176 2625
2176 4214
1385 761
1385 4679
1385 2247
1385 4649
1385 2835
1385 3327
1385 3751
1808 1490
1808 3013
1490 2677
1490 763
84 2262
84 13
2262 3037
2262 2520
2262 1294
1789 4475
1789 1800
1789 2433
4475 1888
2178 2940
2178 347
2178 3676
2940 3676
2940 347
4492 1810
4492 3995
4492 4371
4492 4789
4492 191
4492 4077
4492 1209
4492 1360
4492 4003
1810 3226
619 437
619 3389
437 3377
4012 2672
4012 105
4012 4021
4012 2686
2672 2396
1120 4416
1120 4565
1120 2620
1120 1872
1120 2347
4416 2620
3391 255
3391 4502
255 1785
4259 533
4259 3110
4259 1791
4259 4119
4259 825
533 2365
533 2320
533 4660
533 3828
1869 3139
3139 1844
3139 1011
3672 2951
3672 1523
3672 4503
3672 2847
2951 1374
2951 2050
2951 1628
1328 1635
1328 3058
1328 1414
1328 1255
1328 1066
1328 1567
1328 2275
1328 3176
1328 2012
3590 1461
3590 1614
3590 791
3590 294
3590 1602
1882 3616
1882 1522
4288 3936
4288 1345
4288 1844
4288 357
4288 4624
4288 4773
4288 511
4288 3873
3936 4899
3936 4370
3936 3873
3936 1144
3936 585
4205 2721
4205 2930
4205 2441
4205 637
2721 2930
2721 3197
4486 2386
4486 3782
2386 3275
2386 3059
2386 4914
2386 4792
2386 2779
2386 2411
2386 685
2386 1023
2386 226
4554 4858
4554 1087
4554 908
4858 3100
4858 1345
4858 4084
4858 874
4858 30
4858 908
4858 4198
4858 3650
4827 4400
4827 4364
4827 1210
113 1611
113 2082
113 2946
1611 297
150 183
150 1740
150 755
150 769
150 4567
150 783
150 1989
150 399
150 171
183 4209
183 1161
183 769
1738 1548
1738 4066
1738 1227
1738 3173
1548 2143
1548 3812
1548 2246
1548 3313
1548 251
146 308
146 1339
146 4169
146 2408
308 313
308 213
1239 1493
1239 2267
1493 2824
1927 1543
1927 2373
1927 2357
1543 2194
1543 4593
2552 3550
2552 2067
2552 3600
2552 3661
2552 4822
2552 1184
3550 2611
3550 1184
3550 4897
105 2974
105 2686
105 2102
105 3337
105 2592
105 1659
105 620
2086 1612
2086 974
2086 2518
2086 1074
1612 2230
1612 2298
1041 2038
1041 4237
1041 1815
2038 4237
4115 3526
4115 984
4115 517
4115 4421
4115 4237
3522 1261
3522 868
1261 861
1261 3240
1261 4705
1261 3725
1261 2812
1261 1918
2266 3256
2266 3194
2266 228
3256 723
3256 2317
3256 2931
3204 1816
3204 75
1816 4586
1816 359
4571 1732
4571 975
4571 4022
1732 417
1732 2801
506 4932
506 1825
506 3160
4453 3637
4453 902
4453 2154
3895 1845
3895 4354
3895 2374
2828 321
2828 2212
2828 715
321 931
321 4210
321 4907
321 2667
321 2212
3564 327
3564 471
3564 4401
327 2783
1929 3941
1929 2309
1929 1985
3941 2400
3941 4886
4664 3859
4664 951
4664 648
3859 648
3859 502
1063 1604
1063 4826
1063 1589
4718 3424
4718 1903
4718 4211
3424 891
3424 2169
3424 1811
3424 2251
3424 4510
101 2156
101 4442
2156 4210
2156 993
2863 1224
2863 729
2863 3911
832 4188
832 2980
832 3061
4188 4655
4188 632
4188 857
4188 1520
4188 1916
4188 4185
4354 2720
4354 928
4354 2024
4354 2565
4354 3111
4354 4631
4354 2643
4354 3838
312 3621
312 1933
3621 2508
3621 3501
3621 1512
1056 1050
1056 1350
1050 2240
4500 1210
4500 2722
4500 1406
4500 2111
4500 1451
4500 2996
1210 1211
1210 2196
1210 1646
1210 3613
839 1086
839 4483
839 3184
839 3142
839 3918
839 3056
839 1513
839 3297
839 4549
839 103
839 969
839 3504
839 3963
839 4368
839 4640
839 4627
839 4693
839 4076
839 1128
1086 4440
1342 252
1342 2390
1342 2711
1837 1040
1837 158
1837 4049
1837 3567
1040 158
1871 4880
4880 932
4880 3967
2768 2939
2768 1699
2768 4729
2768 4282
4729 3363
4729 1515
4729 4282
4729 314
3363 3248
3363 2434
3363 2857
3363 1013
3363 112
3363 1515
2907 4592
2907 1340
2907 4168
2907 3819
4592 202
4592 3620
4592 3680
4592 65
4466 3505
4466 4824
3505 4081
1537 1293
1537 956
1293 986
4305 4758
4305 3207
4305 1726
4758 1183
4758 1353
4758 3188
4758 2638
4758 869
2396 2735
2396 919
2396 2323
2396 3072
2735 1952
739 2000
739 920
739 1154
739 2376
739 1945
2000 2409
2000 2534
2000 1945
2000 2346
2000 588
2000 4369
2549 1109
2549 878
2549 3191
2549 2498
2549 4035
2549 1495
1109 733
3282 136
3282 2392
3282 152
136 22
136 3284
136 383
1968 1730
1968 1494
1730 4137
2824 323
2824 2745
2824 4530
323 740
323 2681
323 1466
3271 3209
3271 415
3271 2932
3209 309
3209 2971
3209 796
4132 3646
4132 3676
4132 363
4132 2306
4132 1976
4132 3872
4132 4448
3646 2306
3646 4448
1904 4455
1904 2206
1904 3041
1904 2045
1904 63
1904 768
1904 133
1904 3278
1904 3798
1904 1479
1904 4000
1904 4814
4135 353
4135 1917
4135 1854
4135 4686
4135 2831
4135 683
4135 4031
4135 1801
457 915
457 1824
457 4561
457 3157
1277 4345
1277 314
1277 2891
1277 40
1277 4596
4345 1579
4345 610
117 2403
117 1914
117 4794
117 43
117 1667
117 4506
117 4835
117 2890
2403 4506
2403 4835
4647 1718
4647 2865
1718 3658
4300 2760
4300 4045
2760 3587
2070 3704
2070 3393
3704 1716
3704 3393
3704 3507
3704 1357
680 637
764 3130
764 3994
764 4921
1325 3202
1325 4232
1325 4415
3202 184
3202 2415
3202 708
348 1054
348 722
348 4715
348 2249
348 2955
348 3784
889 4397
889 1994
889 4872
889 4677
889 3674
889 4602
4397 990
2642 853
2642 269
2642 2521
2642 2662
853 4052
853 4889
853 771
853 2309
4168 3690
2871 205
2871 1222
205 3217
205 476
652 686
652 1155
652 3813
652 1805
652 3333
652 1844
2009 1736
2009 1402
2009 1551
158 4049
3351 3194
3351 3695
3351 3568
3194 3462
3194 2317
3153 966
3153 1554
3153 4607
3153 3650
966 1345
3454 3323
3454 2775
3454 1555
3323 1397
964 577
964 2335
3137 1134
3137 138
3137 433
1134 3184
1134 2032
1134 793
1043 1136
1043 1034
1043 2353
1136 1034
1136 2353
1997 3940
1997 2436
3940 836
287 1415
287 3874
287 3061
287 3
287 4655
3033 840
3033 3343
3033 1049
3033 4166
3033 2458
3033 3664
840 2397
2309 4886
2309 1098
2309 771
2309 4657
3021 1536
3021 740
1536 3136
1536 1853
1536 3392
2843 2994
2843 282
2843 3915
2843 3131
2994 4404
2994 3999
3201 1495
3201 3197
1495 4786
1495 1472
1495 3939
3191 365
3191 2733
3191 4653
3191 331
3191 3903
3191 4080
3191 2852
3191 4725
4786 4668
3119 2285
3119 4672
2285 2239
2465 2602
2465 3727
2465 2587
2465 2763
2602 2763
2602 4227
2602 3700
4384 3580
4384 2788
4384 4728
3580 1850
3676 4460
3676 363
3676 3385
3676 347
3676 4448
3676 3740
3676 2512
3676 949
4460 3385
3650 4607
3650 2605
3997 549
3997 4778
3997 1412
3997 1246
3997 403
3997 1932
3997 4332
3997 1454
549 3047
549 4279
549 4319
2833 713
2833 166
2833 4931
713 922
713 1344
713 4618
3343 2908
3343 633
3343 8
3343 2036
4256 2284
4256 4830
4256 1073
4256 3542
2284 1149
2284 2637
2284 3542
494 3000
494 2989
494 2684
3000 3978
3181 1916
3181 2131
3181 1034
1916 2880
3327 0
3327 3905
3327 2433
3327 3338
3327 4673
3327 4649
3327 354
3327 4355
1864 562
1864 1212
1864 2780
1864 3011
562 16
562 4386
562 186
562 493
562 1212
562 4825
562 482
562 948
562 4682
562 2780
3094 143
3094 2065
3094 2114
3094 4105
3094 2734
143 3822
143 2734
3485 469
3485 4251
3485 2044
469 4294
2314 855
2314 27
2314 1684
2314 3671
2314 4029
855 4035
855 3958
855 1149
855 2901
1319 3292
1319 582
1319 2704
1319 3397
1319 3112
1319 4351
3292 3652
4182 1430
4182 3866
4707 627
4707 2272
4707 4250
4707 3554
4707 4512
4707 718
4707 2163
4707 2210
4707 4290
627 4512
627 718
921 2059
921 384
921 373
2059 587
2059 118
3107 417
3107 2452
3107 4802
4483 3297
940 1133
940 1275
940 462
940 551
1133 4445
4760 4239
4760 1796
4760 4344
4760 1285
4760 4931
4760 3844
4239 4344
4239 1344
4239 1796
4239 2893
4239 3366
2276 2136
2276 2872
2276 3084
2136 2082
2136 23
2136 2891
644 4158
644 106
644 3044
644 1221
644 2911
644 1389
644 4905
644 1573
644 2065
4158 2911
4158 2328
4158 3415
4158 4187
4158 1399
134 1424
134 2256
134 3689
134 692
134 66
134 4047
134 2382
134 2849
134 3906
134 2252
1424 2705
1424 1814
1424 692
1424 1188
761 1381
761 4679
1381 749
1381 3410
1381 2392
1381 3498
1381 36
1381 4679
3514 226
3514 3782
226 2779
226 99
841 177
841 2890
841 645
177 4322
177 3715
177 108
177 4637
4280 4173
4280 871
4173 3737
2859 3169
2859 3003
2859 1449
3169 3359
3169 2479
3169 4240
3169 1671
3169 3468
3169 4341
3169 3003
3169 2589
4206 165
4206 737
4206 624
4206 2141
4206 3317
4206 3382
1690 806
1690 2293
1690 591
1690 4146
806 2917
806 745
922 2905
922 166
2372 2320
2372 2999
2372 3102
2372 812
2372 1072
2372 1559
2372 3926
2320 1076
712 1292
712 3284
712 3834
712 4403
712 258
712 3165
1292 4879
1292 4817
1292 1979
1292 3288
1292 4318
484 1245
484 3819
4357 3312
4357 462
4357 377
4357 2406
4357 3311
4357 3071
3312 3071
3714 360
3714 3080
3714 3025
3714 638
3714 1572
3714 4796
360 175
360 1572
337 3747
337 2437
337 1334
337 265
3747 2437
2617 831
2617 4657
2617 872
2617 3431
2617 4063
2617 1046
831 2521
831 4063
1671 3602
1671 4342
1671 4125
1671 3364
1671 3606
1671 3263
1671 421
1671 3802
1671 580
1671 1836
3602 3903
3602 1363
344 278
344 3132
278 4361
278 2034
4747 1540
4747 2685
4747 3036
1540 4508
1014 4831
1014 1686
1014 1187
1014 994
1014 149
4831 4558
2306 1976
2306 4448
2306 3880
2306 3872
1976 3872
3118 1351
3118 4649
1351 2687
1351 3960
1351 464
3163 1269
3163 1931
3163 3927
1269 3456
4075 1521
4075 1472
4075 3465
4075 1201
4075 2688
3268 4851
3268 11
3268 600
3268 1199
3268 2776
4851 3722
4851 2823
4851 4276
4639 156
4639 42
4639 1945
4639 4573
4639 4355
4639 1154
156 3585
383 4353
383 640
383 3834
383 3288
383 152
383 1799
383 4535
4353 1799
4353 1012
4353 1491
1397 3154
1397 1555
4193 2898
4193 1956
1116 4355
1116 4046
1116 524
1116 511
4355 1455
4355 4046
999 151
999 1950
999 4107
999 1962
999 3447
151 2223
974 2089
974 3022
974 3753
974 1790
445 4382
445 4164
445 2923
4382 4746
3294 175
3294 115
4549 788
4549 1501
4549 3056
4549 4811
4549 969
4549 4254
788 1501
788 4058
788 3861
788 4756
818 802
818 1895
818 3647
802 2370
762 3733
762 3820
762 1004
762 3734
762 396
762 1978
3733 2408
3733 2610
3733 2292
3733 38
3733 3711
3733 4169
3863 4085
3863 3276
3863 4909
3863 1675
3863 4921
4085 1933
4085 2338
666 4783
666 4003
666 2539
4783 1483
4783 1726
1858 4232
1858 1666
1858 1489
1858 1196
1858 4610
4232 4415
4232 3092
1933 1220
1933 2525
1933 4184
1933 2892
1220 3882
2115 102
2115 3945
2115 3071
102 3071
3301 4780
3301 2913
3301 3389
3301 264
4780 317
4780 4669
2543 3013
2543 2235
2543 502
3013 199
3013 3987
4183 3678
4183 1799
4183 119
2614 4275
2614 4222
448 230
230 4130
230 3867
230 322
3284 3634
3284 4318
3284 4532
4632 4383
4383 2966
4383 4596
978 3692
978 518
978 2391
978 4039
978 4233
978 3199
978 17
978 3771
3692 4110
3692 4434
2526 972
2526 3104
972 210
972 3104
1049 1452
2597 1075
2597 1760
2597 856
3973 2446
3973 559
3973 4045
2446 3132
2651 1626
2651 3123
2651 3925
2651 148
2651 2208
2651 1015
782 1398
782 859
1398 2740
1398 3643
1398 3614
2198 1568
2198 540
2198 2568
2198 3669
1568 3669
3639 2545
3639 3131
3639 1625
3639 2938
3639 1912
2545 2818
1484 2635
1484 4708
3096 3767
3096 4836
4047 465
4047 2476
4047 2666
4047 1586
4047 3746
2345 365
2345 4912
2345 4457
2345 3093
2345 275
2345 2852
365 913
3047 3395
3047 597
3047 3891
2738 3239
2738 726
2738 4546
2738 3740
2738 402
2738 3195
2738 1480
2738 4811
2738 4485
3239 2613
3239 1966
3034 2556
3034 2771
3034 3423
3034 1559
3034 1190
3034 509
3034 247
2556 1331
3275 2779
3275 3782
4049 3420
4049 2501
4049 1874
4049 2880
4049 1633
289 237
289 1938
289 2603
3070 822
3070 746
822 2162
4853 2237
4853 4
4853 2941
2237 2316
646 2193
646 309
646 1806
2193 862
4316 3367
4316 2659
4316 534
4316 4749
4316 145
1146 2463
1146 1022
1146 2335
1146 2108
1146 4469
1146 2616
1146 3843
1146 3003
1146 3439
1146 1427
2463 2596
2463 3439
584 2291
584 4139
584 3403
584 4412
584 4417
584 767
584 1316
2957 3729
2957 2612
3729 2709
1399 4093
1399 3953
1399 315
1399 2328
1399 2734
1399 470
1399 3956
1399 4191
4093 4585
3011 2881
3011 4792
3011 1626
3011 1943
3011 1069
3011 7
3011 2780
3011 685
3011 16
3011 3868
2881 2779
2881 1069
2881 3224
139 4438
139 2703
139 3524
139 4041
2759 2745
2759 351
2759 1665
2745 2506
2745 2140
2745 140
2745 3258
2745 3757
2745 441
2686 2084
2686 4040
2686 2827
2084 1804
2084 4795
2084 1960
2084 2444
1800 902
1800 2036
902 1317
902 3177
902 4207
902 1981
888 653
888 2371
888 2945
653 3218
2117 705
2117 4043
705 898
705 1649
705 3877
705 4857
859 1596
4218 4695
4218 4933
4218 4505
4218 1661
4695 4787
4695 4601
4695 1087
4695 3404
4695 1720
4836 932
4836 4685
645 4479
645 3632
645 2748
645 3425
645 1309
645 3660
4479 2890
4479 187
4479 2627
4479 573
4479 1382
4479 3584
1895 1071
1895 3627
4079 1132
4079 787
4079 2215
4079 94
1132 1310
4312 4146
4312 340
4312 3082
4146 3054
4146 2717
4146 745
4146 2697
3560 2445
3560 3051
3560 2264
2445 2795
3215 1954
3215 3241
3215 758
3215 4423
3215 1498
1954 3241
1954 1123
3860 2214
3860 3993
3860 3777
2214 2695
3247 2790
3247 3193
3247 3549
3247 3236
3247 2213
2790 4472
805 4643
805 4566
805 4299
805 4230
805 3254
805 188
805 2716
4643 3758
4643 34
4643 1099
4643 731
3873 3818
3873 3654
3873 4179
3873 2752
3818 1418
2720 463
2720 446
2720 503
2720 281
2720 886
2720 4631
2720 1058
2720 4161
2720 2565
4933 1661
4933 3099
3904 3819
2293 828
2293 4366
2293 1282
16 4646
16 1943
16 685
16 482
16 3868
16 4682
16 1809
16 7
2358 1838
2358 879
3129 104
3129 1970
104 3769
2166 3594
2166 3805
2166 174
3594 216
3346 1101
3346 939
3346 1538
2718 4286
2718 1180
4286 256
3968 4473
3968 971
4473 4861
1905 4690
1905 2947
1905 3707
1905 3161
1905 2062
4690 4053
4062 3549
4062 1759
4062 3193
3549 2049
3183 2225
3183 4255
3183 1105
3183 4246
3183 515
2225 3383
2225 4246
3945 3659
3945 377
3659 3406
3659 4291
4448 3872
4448 2157
4448 4128
4448 2047
4448 1473
4448 773
4448 890
4448 3819
3872 2157
3872 238
3872 2047
3114 4474
3114 852
3114 1164
3114 589
4474 616
1516 2037
1516 3840
1685 2590
1685 235
1685 3101
2590 1920
2590 4722
2590 3517
3865 2712
3865 4231
3865 2184
2712 4575
745 2748
745 2923
745 4348
745 3425
745 3394
260 3221
260 219
260 1794
260 427
260 887
3221 3763
3221 3083
3834 3288
3834 1651
3834 1055
3834 2110
691 1122
691 3645
691 560
691 528
1122 560
1122 1777
123 3265
123 1404
3265 243
1956 2898
951 3190
1315 1934
1315 1525
1934 4111
3544 1394
3544 2275
3544 2199
3544 4315
3544 2242
1394 694
1394 3060
1394 4461
4724 2216
4724 4642
4724 2888
4724 4217
4724 3820
2216 4217
3089 4803
3089 1451
3089 3734
4803 4587
4803 2287
4803 3158
626 3902
626 2831
626 3851
626 3739
626 3355
626 2855
626 305
3902 872
3902 2785
3071 1100
3071 3521
1100 943
1100 3018
1100 3459
1100 523
258 1055
258 1358
1055 4678
1055 3399
1055 2087
2401 2255
2401 4710
2401 659
2255 2177
995 4138
995 3792
995 4153
995 3365
995 2248
1396 2998
1396 3897
2998 97
462 3311
462 4757
462 3162
462 3724
462 2180
3276 2172
362 3846
362 4189
362 121
3846 4420
4247 2765
4247 4515
4247 4799
4247 2044
4247 4454
4247 3960
4247 3187
4247 4916
4247 4487
2765 917
2765 401
2765 3187
2765 53
2765 981
2765 3817
1422 3885
1422 2636
2685 3036
2685 2433
2589 1372
1372 1637
3241 4423
3241 4244
3241 4467
3241 758
3241 3277
3241 1123
42 1459
42 2096
42 4521
42 4857
42 3279
42 3633
42 374
42 2023
1459 2004
815 2774
815 2655
815 217
815 1640
2774 1500
314 1638
314 1699
314 1648
314 336
2779 4914
2779 2126
4914 2928
86 3178
86 617
86 4522
86 1715
3178 4654
3178 1485
1231 3708
1231 4593
1314 4309
1314 829
1314 4198
4309 1118
4309 498
4309 4082
4792 685
4792 1015
4792 7
4792 1545
4792 2411
2654 4196
2654 2125
2654 3168
2654 1677
3510 282
3510 51
3510 3066
2946 2927
2946 4266
2946 3055
2946 1332
2946 3479
4409 1271
4409 3045
1271 768
1541 3671
1541 27
2943 3785
2943 1283
2943 2185
2943 4088
2943 2080
2943 833
2943 701
3785 88
3785 2263
2483 4425
2483 3074
2483 3610
2483 3559
4425 1646
4324 4291
4324 2341
4324 1160
4324 639
4324 3666
4291 1670
2212 867
2265 2646
2265 1234
2265 122
2265 2220
4082 498
4082 357
4082 2503
498 3043
3506 4629
3506 3186
3506 4010
318 1883
318 3789
318 249
1883 3042
1883 249
1883 3789
1883 4572
1883 3735
1883 1944
1883 1884
1883 1317
1883 4013
1796 1344
1796 2179
1796 1897
1796 3366
1250 3273
1250 3537
1250 1691
1250 4051
1250 3748
1250 3730
3273 4156
3273 1630
2898 1021
2898 1814
2898 1447
2898 4702
2898 3554
2898 3016
2898 3689
2898 3746
2898 231
2898 3597
1021 4451
1021 1814
1021 4702
1021 473
531 4740
531 932
531 2926
4740 3499
401 2840
401 34
401 3073
401 715
401 1174
401 53
401 867
2600 3721
2600 4131
2600 3024
2600 2764
1654 3380
1654 2606
1654 1053
1654 2339
1654 4192
1654 1247
1654 4561
1654 2747
1654 4430
2508 254
254 2544
1850 667
3660 4394
3660 3632
4617 1083
4617 2053
1083 4869
1550 1761
1550 1940
1550 715
1761 1174
1761 2665
191 4371
191 4481
599 651
599 4556
599 3740
599 4876
651 1061
2125 2440
2125 2318
2440 2538
2440 4038
2564 3703
2564 3090
2564 742
3703 2723
357 4854
357 3101
357 1828
357 557
357 3713
357 2477
357 2853
357 2752
4845 2825
4845 1380
4845 2986
4845 2183
4845 3250
4845 1746
4845 232
4845 4902
2825 85
2825 40
3516 239
3516 440
3516 1950
3516 897
239 242
239 1320
2299 765
2299 757
2299 2982
2299 1139
2299 2681
765 3460
1375 554
554 2749
869 3063
869 2222
3063 4258
2575 4428
2575 4771
4428 906
4428 513
4428 1378
2102 4328
2102 1980
2102 3490
4328 452
2437 1359
2437 4356
2437 542
2437 2983
1359 4356
1359 125
1359 2983
1359 2319
1359 542
1359 1334
4582 1178
4582 1566
4582 31
4582 245
4582 2454
4582 3452
4582 3821
4582 4020
4582 2673
4582 2902
4582 1532
4582 3888
4582 4579
1178 3240
1178 2911
1178 4113
1178 3710
2972 291
2972 1932
291 1793
4450 1995
4450 2301
4572 1276
4572 1884
4572 703
4572 2868
4572 3735
4572 1175
4572 3730
1276 1419
1276 3735
1276 703
2379 2390
2379 3620
2379 3547
2379 3579
2390 1803
2390 4189
2390 4261
2390 2865
2390 4518
3685 3450
3685 1077
3685 1587
3685 2619
3685 2449
3685 3852
3450 2619
4712 507
4712 2100
507 2883
3288 3776
3288 3029
3288 3706
3288 2628
390 1626
390 1321
390 2208
390 3925
1094 3496
1094 356
1094 2375
1094 1336
1094 166
1094 2807
1094 4152
1094 3604
1094 3440
1094 76
3496 1161
1805 4553
1805 2006
1805 1194
4553 2861
1576 2750
2750 4501
4105 2114
4105 3832
3780 2455
3780 4332
2455 1454
2455 3723
1518 491
1518 3610
1518 770
1518 2647
491 683
491 1112
2624 1296
2624 3020
2624 180
1296 68
1296 3185
1296 180
3826 4263
3826 728
3826 60
3826 4753
387 1553
219 1707
874 4016
874 2161
3090 3349
3090 45
3090 2415
3090 958
3349 3781
3349 618
4558 37
4558 4560
4873 2486
4873 88
4873 1535
2486 1542
2006 4771
2006 1194
2006 4716
2006 1364
2006 1166
2006 2985
2006 2443
3193 2213
3193 2267
3193 2362
3193 2509
3193 1946
2213 2414
4403 176
4403 2563
4403 1281
3313 2177
3313 194
1566 3264
1566 2673
4625 1383
1383 2003
1383 2004
188 2919
188 2716
2919 3728
2919 779
1579 2230
1579 2298
1579 112
1574 129
1574 1273
1530 848
1530 2188
1530 4255
1530 451
1530 2352
1530 2289
1217 2333
1217 1219
1217 4698
1217 4255
1217 4781
2333 1747
2333 4090
3730 1225
3730 1307
3730 703
3730 1317
3730 3853
3730 3537
3730 1691
1138 1197
1197 4578
1197 1110
4898 453
4898 3381
4898 2936
453 4925
453 1006
453 2064
3184 2032
3184 15
3184 793
2206 3113
2206 4178
2206 253
4034 1687
4034 2960
4034 1280
4034 1781
4317 4821
4317 1846
4821 3449
4821 1408
4821 2322
4821 1505
4821 1846
2771 4111
2784 79
2784 3651
2784 4852
2784 2337
2784 896
79 3618
2127 2793
2127 3480
2127 2583
4719 1766
4719 1411
1766 4687
3171 3255
3255 566
1578 3761
1578 1019
1578 1001
3761 4281
1206 823
1206 4584
823 2761
823 967
1792 4285
1792 2609
1792 2852
1792 2061
1792 2883
4285 2910
2749 2762
2749 3132
2762 1027
2762 2860
2467 4014
2467 1077
4054 4329
4054 965
4054 1694
4054 4113
4054 1962
4054 2882
4329 2948
4329 1624
4329 623
4329 4113
4329 3898
3233 1
3233 1121
3233 1638
3233 1674
1 3189
1476 1591
1476 4674
1476 49
1476 4699
1591 3752
1591 1077
898 2985
3344 699
3344 3644
3344 2493
3344 1751
3344 2032
3344 4517
3344 4083
3344 754
3344 3448
3344 4133
3344 2334
699 744
699 4876
4575 2997
939 271
939 3444
939 4496
939 3892
939 1655
939 2003
939 3629
939 3494
939 4759
939 2599
939 2104
939 2889
939 4432
939 2426
939 858
939 10
939 854
1233 4748
1233 1906
1233 3244
1233 69
1233 2674
1233 879
1233 3310
4748 3916
4748 727
2282 3413
2282 2202
2282 3115
2282 2304
2282 2064
2282 149
2282 4279
3413 2494
4211 2995
4211 3923
1404 4596
1404 2189
4596 4027
4596 968
920 13
920 2376
685 3175
685 3868
685 1943
685 4386
685 2411
685 7
685 186
4176 3319
4176 2111
4176 1406
3319 3437
3319 2288
3319 1406
385 1910
385 1214
385 2591
385 2019
385 2349
385 4663
385 3012
385 2954
385 2744
1910 92
3652 4768
3652 3140
3652 3075
3652 304
3652 3741
4768 2886
1740 783
1740 4618
1720 4505
1720 4814
1720 3041
1720 4787
4505 4814
3803 2668
3803 1111
3803 2885
2275 2012
1660 1903
1660 2988
1660 2348
1660 2671
1660 1547
49 2770
49 750
2770 3707
4343 3145
4343 163
4343 3819
3145 62
3145 4711
1992 11
1745 3402
3402 1832
3402 959
883 3373
883 1739
883 3762
883 245
883 2673
844 111
844 3694
844 4092
844 1034
844 2880
844 907
111 1034
2248 3571
2248 1928
2248 1743
2248 1644
3571 1830
3571 1625
2147 3855
3855 3900
3855 1489
727 4862
727 3384
727 4171
727 4765
727 4871
727 2975
4862 1310
4862 3342
4862 326
4862 4818
4862 1181
131 2304
131 994
131 1907
131 1179
131 149
4886 2662
865 1213
865 4372
865 3830
865 493
1213 1545
1213 4762
1213 1679
1213 3198
1213 4372
3037 2541
3386 2934
3386 781
3386 206
3386 1030
3386 198
3386 368
2934 368
163 997
163 1473
163 3482
4732 2398
4732 4463
4732 2359
4200 80
4200 3951
80 3673
80 4930
4679 2392
4679 538
4679 2620
2329 2916
2329 4026
2329 3245
2329 3630
2916 3768
4911 617
4911 1715
973 4713
973 1105
4713 120
700 4171
700 2831
700 2785
4171 4063
4171 3618
3469 3775
3469 1856
3469 4340
3775 1666
3775 1688
4573 1439
4573 3910
4573 3585
4573 1797
4573 2300
1439 4521
4266 1332
540 359
540 2724
359 75
359 1200
3102 206
3102 3238
3102 3926
3102 601
206 601
8 4508
8 1235
8 2903
4254 2182
4254 575
4254 1297
4254 1501
4254 3908
4254 2814
4254 3249
2182 505
2650 1511
2650 2491
2350 985
985 58
3132 963
3132 3893
3132 2039
3132 1425
3132 2241
3132 570
3132 1274
3132 1093
3132 4480
963 4045
394 1500
394 3211
2911 4187
2911 4025
2911 4113
1317 1691
1317 917
1317 3537
1317 1981
1317 3177
1577 4753
1577 2365
4753 2626
4350 1327
4350 2987
4350 4318
4350 3966
3655 720
3655 4691
3655 3081
3655 1286
3655 4388
3655 367
720 1286
720 4388
2579 2528
2579 2574
2579 669
2528 3502
315 4226
315 1608
1704 3300
3300 2677
932 1110
932 4129
932 2085
932 89
783 2978
783 3998
783 1226
783 4551
2978 1338
2923 3732
2923 568
27 2395
4295 4208
4295 3797
4208 1512
4208 2338
2099 1823
2099 1228
2099 1955
1823 1913
1823 569
3683 3449
3683 1282
3449 1505
3449 1282
3449 4140
2354 2515
2354 328
2515 2227
3861 4756
4756 4352
4756 1817
1801 3375
1801 2373
1801 2684
1801 2878
1801 4072
1801 1854
1801 4822
1801 4628
1801 2831
3375 2040
3375 2067
4539 204
4539 4887
4539 3632
1590 2573
1590 3445
1590 703
1590 1636
1590 1295
1590 1820
1590 2466
4891 215
4891 1508
4891 2607
4891 4652
4891 3624
4891 4155
4891 250
3165 4633
3165 4595
3165 4767
3165 991
3165 4201
3165 4298
341 2399
341 1977
341 4023
2399 3077
884 3026
884 1692
884 3541
884 3864
884 2229
884 1126
884 2239
3026 2595
493 1679
493 4825
493 196
493 1322
493 482
493 948
493 186
493 3830
1679 948
1679 3198
1679 4825
1679 747
3819 3088
3819 62
3819 2250
3819 3004
3819 3195
3819 4128
3819 726
3819 1473
3088 372
1501 4058
1501 1297
1907 2598
1907 3891
1907 149
1907 672
2598 2955
1884 675
3427 2297
3427 3324
3427 159
3427 1189
3427 3884
3427 4507
3427 3488
2297 2085
2297 4927
4555 2158
4555 3844
2158 1344
2158 3607
797 173
797 3263
797 4001
797 1248
797 1975
797 2201
173 1248
2028 4454
2028 4532
4454 4532
4454 3336
2540 2150
2540 960
2540 2842
2540 1700
2540 2148
2540 4152
3711 2292
3711 2610
3711 38
2292 4169
879 2523
879 2676
879 1302
879 1517
879 566
879 3412
879 67
1332 1416
1332 3416
1332 293
4186 4671
4186 863
4186 4725
4671 3943
4671 4725
3635 2222
3635 3291
2222 1847
2222 488
2498 4253
2498 4029
2122 59
2122 4775
2122 3648
2122 2821
2122 1387
2122 4032
2122 2301
2122 2949
59 1348
59 4852
88 2548
608 2861
608 4744
2861 3964
758 1311
758 1095
758 1610
758 4908
758 1498
758 1022
758 760
1311 2631
1311 432
1626 2641
1626 3354
1626 2839
1626 1763
2897 89
2897 668
2897 1984
2897 3280
2897 4583
89 3961
89 306
89 3783
89 2085
89 21
89 2482
89 3909
247 3518
3518 1143
4040 2988
4040 1229
4040 2377
4040 2080
4040 2974
4040 1361
4040 325
4040 4527
4040 634
2988 634
2988 1386
2988 2999
3058 4701
3058 2012
3058 2197
3058 795
40 2986
2986 2891
2986 3610
2986 610
2559 3414
2559 2521
2559 3627
3414 220
3414 3078
3414 410
1034 2873
1034 2353
3986 2395
3986 4725
3986 3097
3986 2854
3986 4080
3800 2754
3800 1182
3800 335
2754 2910
2583 1683
1713 4462
1713 2535
1713 3398
1713 2999
1713 413
1713 4742
726 35
1377 1324
1377 2687
1377 4157
1377 4580
1377 2889
1324 3529
4081 3556
4081 4824
3556 3500
2208 3408
2208 3368
2208 4770
2208 3979
2208 3925
2208 3123
2208 1539
3408 3123
3408 1539
3408 3979
3408 4770
3745 3302
3745 2969
3302 2847
3302 3127
911 724
911 3593
911 4574
724 2154
724 4470
724 4380
724 3177
724 4561
724 827
4165 2487
4165 4279
2487 4279
2487 1179
3674 3356
3356 178
2900 3296
2900 1901
2900 228
3296 1440
3296 1337
1068 4564
1068 684
1068 2153
4564 1676
4564 303
4564 2153
1856 2802
4272 2806
4272 2509
4272 2327
1022 4628
1022 929
1022 3773
4194 3508
4194 3938
3508 735
4386 482
4386 186
4386 2780
4386 1212
2730 3607
2730 450
2730 2905
1274 4018
2462 1774
2462 3858
1774 4727
4889 3078
4889 2521
4889 1474
591 3082
591 3991
4155 630
4155 4542
4155 259
4155 2052
630 4139
630 3393
1943 7
1943 3868
1943 186
2565 2490
2565 3644
2565 851
2565 2167
2565 4057
2490 851
1841 2425
1841 128
1841 717
1841 3903
1841 4725
2425 3062
330 2434
723 235
723 2053
3994 295
3994 4878
295 1980
295 4687
295 1064
295 2593
295 2827
295 2203
4557 1839
4557 1357
4557 4327
3961 3448
3961 2829
3961 3909
3961 3371
3961 2281
3961 2482
3961 3234
3961 950
3961 1711
3961 3567
3961 21
3448 2522
588 2534
2534 4465
2534 1378
2534 4526
1452 4431
1452 4214
2032 793
757 3677
757 894
757 742
1227 3173
738 3338
738 4260
738 3813
3338 13
4051 2466
4051 4405
4051 2967
4051 1728
2466 378
2466 1636
2466 2007
1019 222
1019 4199
1019 787
222 895
2802 96
2802 4688
2802 2063
2802 1147
96 435
96 4684
2917 343
2917 1330
2917 3350
2326 3790
2326 1891
2326 3433
3790 4436
1091 1645
1091 1664
1091 430
1091 4251
1091 2803
1091 4242
1091 2332
1091 4939
1091 240
1091 2530
1645 2219
3813 1354
3813 3720
3813 1650
1354 2503
1498 1594
1498 760
1594 3374
22 3007
22 1741
22 1651
22 4297
4745 1919
4745 2952
4745 535
1919 2952
3662 4863
3662 161
3662 1004
3662 1456
3662 1769
3662 14
3662 987
4863 1020
4863 1186
4863 1769
408 1443
408 3439
1443 2596
1443 1565
4253 4533
4533 1201
4283 1291
4283 4235
4283 3598
4283 1909
1291 638
69 2689
69 3384
69 217
2689 2438
2689 3765
2689 3378
2689 778
2142 3914
2142 4339
2142 3431
3914 2805
3359 3263
3359 358
2868 4721
2868 3304
2868 1944
2868 4336
2868 1571
4721 811
4721 1571
521 1266
521 4881
521 4478
1266 4287
3734 933
3734 746
3734 3628
3734 1702
3734 2468
933 2594
1814 473
1814 730
1814 1188
1814 2705
634 1767
634 1204
634 3103
634 2175
634 2648
634 2798
634 2639
1767 1470
3926 208
3926 2461
1888 4761
1888 917
625 813
625 1300
813 3442
2947 3752
2947 3645
2947 3668
4405 2694
4405 835
2119 2864
2119 1924
2119 2258
2119 1753
2864 2471
2864 147
2864 361
2864 1032
2864 2387
2864 3701
1408 954
1408 4739
1408 2322
1408 1330
1222 3529
1222 3836
1222 837
3529 3152
3529 4806
3529 1165
3529 3570
3529 2321
3529 794
3529 837
1920 1991
3810 2135
3810 793
3810 3237
2135 3237
2135 793
433 446
433 1090
433 4519
433 4577
433 1437
433 819
433 3180
433 3400
433 662
433 924
433 463
446 342
446 25
446 2344
446 886
446 503
446 3150
181 3654
181 1901
181 2935
1601 1600
1601 3040
1601 4026
1601 3630
1601 1241
1600 4072
635 4290
3444 2893
3444 4734
3444 2179
3444 310
1539 1279
1539 3123
147 3825
147 1032
2954 3667
3667 3964
3998 3366
3998 1897
3998 1140
1491 1863
1491 3493
1491 2960
1491 2551
1863 2074
1863 3421
1863 1894
1863 2797
1863 4634
657 4187
4431 3664
4431 2908
2722 1851
2722 4373
3236 1413
3236 2885
3236 4752
1413 1078
4077 1996
4077 4003
4077 1773
4077 4481
4077 4071
4077 4805
4077 3405
1996 2021
1996 4003
298 159
159 2280
3577 1580
3577 2616
3577 4810
3577 530
3577 492
1580 4923
1580 1939
4672 2239
4672 756
4672 2049
4672 2531
4290 3816
4290 438
4290 3829
4290 2356
4290 2272
4290 381
4290 3746
3816 2163
3816 438
3816 4250
1336 76
1336 3231
76 1333
76 3326
959 1486
959 703
3535 1084
3535 2884
3535 3907
3535 3291
1084 1244
3796 4223
3796 4743
3796 2457
4223 4935
4223 2264
4223 2044
4223 4743
4223 4229
2698 1203
2698 1391
2698 3835
2501 4665
2501 1874
2501 1633
2501 3890
2501 2
92 2019
2019 2744
463 32
463 4577
463 3371
3022 3753
3022 1961
3022 3649
3022 1790
3976 778
3976 3412
778 785
778 1549
778 1778
778 1302
4361 256
4361 4117
4361 1180
2459 2924
2459 2140
2924 2362
1073 2342
1073 1627
1073 2912
2342 4258
968 2678
968 78
968 1963
968 607
968 2966
968 56
1830 2975
1830 2580
1830 4683
1830 4661
1830 2274
1830 4098
2979 1246
2979 1533
1784 3657
1784 774
3657 1469
1533 3823
1533 2691
2763 4227
2763 2310
928 3957
928 103
3116 824
824 4605
824 3601
824 1228
2359 1681
2359 1675
4396 2014
4396 1366
4396 2283
4396 789
2014 579
2014 3656
2014 875
1035 2531
1035 1393
4871 3419
4871 1181
4871 3342
4871 2622
3694 4092
3694 907
1746 2990
1746 2675
1746 2071
1746 3120
2990 2675
2990 397
2990 2071
2990 3120
2392 464
2392 2764
2392 152
2392 3410
464 2687
1183 2670
1832 3290
1832 647
3231 2492
3231 497
759 821
759 1768
91 2144
91 2360
91 2031
2144 4615
868 4689
868 3122
4189 3156
4189 4429
4189 539
4189 3324
4189 2865
4417 236
4417 2381
4417 3463
4417 259
4417 4390
3925 3123
3925 3979
3925 1015
3123 2799
803 1906
1280 3493
3493 4666
1980 930
2179 3366
3366 227
2503 302
2503 1169
2503 284
2503 709
2503 261
302 3278
302 1024
302 487
302 299
487 2789
487 261
2789 2383
2789 2123
2499 752
2499 1102
2499 3252
752 2870
752 1102
752 2974
752 2823
3916 3244
3916 4359
3632 2273
3632 4307
3632 4069
2273 4284
3142 1128
1447 3746
1447 526
2717 3170
2717 280
2717 1879
1825 4588
1825 4884
4655 3
4655 857
582 1964
3773 1124
3773 2060
48 1634
48 1382
48 3056
48 1042
48 380
48 132
48 2542
2238 2489
2238 611
2238 4219
2489 4262
2489 611
425 1731
425 2894
1731 560
1731 4041
3425 1330
1330 718
1330 4512
1330 3350
1330 4739
1229 1361
3503 2394
3503 4795
3503 3636
4931 1142
1142 1161
1142 1285
4875 4650
4875 370
4650 1082
4586 167
4586 75
4442 288
4442 1947
288 3260
2539 4003
2539 1483
2539 1965
4003 1965
4003 2015
4003 3405
4021 736
4021 4145
4021 352
4021 1952
736 2755
736 3811
1554 3100
1554 4084
4352 1297
4352 380
4352 3249
1297 575
1297 3249
3626 3117
3626 3458
3626 1204
3626 2639
3626 1584
3117 1082
3799 1760
1760 4407
1760 3303
1760 3517
2197 2286
2197 2786
2197 1130
2197 795
2197 4304
2286 4004
2286 1130
2286 3243
3644 945
3330 2071
3330 2675
3330 3248
3330 4225
3330 58
3330 2183
2071 58
2071 4225
2071 3120
2071 2183
2071 2675
1494 2715
1494 1684
2616 678
2616 4469
2616 671
2616 929
678 2385
678 2781
678 929
678 4923
4119 1390
4119 661
914 836
3152 2601
3152 4806
2884 1244
1244 3167
1244 3285
1244 650
2714 536
2714 1278
2714 2781
2714 4861
536 2739
3900 209
3900 1205
209 3077
975 2431
975 4802
2431 567
2371 3038
2371 3578
481 3879
481 532
3879 4538
4255 3360
4255 641
4255 1621
4255 3200
580 2652
580 3770
580 2051
580 1464
2652 3786
3746 4330
3746 231
3746 1192
3746 2005
3746 1592
3746 834
3746 3016
2421 2507
2421 4612
2421 3605
2507 569
1716 4929
1716 4750
64 1070
1070 1902
2606 3532
2606 4900
1098 1046
1098 4408
1169 2591
1964 3358
1964 1008
1964 3917
1964 3693
1964 571
1964 2550
4356 2319
4356 3461
4356 2983
3458 1082
3871 4315
3871 694
2999 2340
2999 1331
2999 1812
2999 4123
450 458
450 2336
450 2905
450 2555
450 3509
450 3251
450 3738
450 1989
450 3064
450 279
450 3491
450 2259
450 18
1455 2743
4912 3259
3433 2101
3433 4436
3433 731
3433 4230
3433 917
2101 2436
4866 1089
4866 4537
4866 4377
728 1080
2521 1928
2521 3912
2521 787
3405 2817
3405 3975
3405 1965
2512 838
2512 949
2512 4887
2512 3740
2512 141
2512 4485
2512 164
838 1711
838 164
2363 2474
2363 1587
2363 270
2474 750
3041 3795
3041 4814
3177 3149
1970 2170
945 3396
945 2829
1093 1260
1093 609
1093 4791
1260 257
1260 47
1260 474
1775 4371
1799 1107
1799 1392
1799 4535
1799 4656
1799 640
3727 2796
3727 3866
434 2663
434 4374
434 3329
2663 3913
2663 2355
2663 3409
2663 2464
4342 3468
4342 3675
1282 3920
1282 4366
1282 3422
1282 2819
1282 4622
1282 4604
3920 4622
249 3789
2697 2701
2697 343
2701 1125
2701 2296
2010 3293
2010 970
3293 1464
2839 1015
2839 4619
2839 99
1982 4802
1982 1506
1982 4812
4802 3470
4802 1528
4802 1240
4802 345
4802 1407
4802 1581
4802 1425
4802 4812
1382 949
1382 2890
1382 4846
1382 1935
1382 132
1382 1042
949 1722
2626 2757
4412 716
4412 4527
716 4659
1860 2801
1860 1002
1860 4117
1860 2479
2801 4117
609 1668
4005 2335
4005 4100
4005 4467
4005 4423
2335 1148
2335 3820
2335 1112
2335 2253
2335 3439
2335 479
2335 1565
2335 555
2335 213
1064 2593
1064 2207
1064 2203
3836 3217
3217 2702
3134 1819
3134 1312
1819 3847
1866 4159
1866 467
4159 1272
2585 1137
2585 3954
1137 3316
3084 766
766 1121
766 3653
2518 3833
2518 4603
2518 496
3833 496
2057 3736
2057 3512
3736 3512
4578 3050
2161 3043
2161 2093
2161 4198
4231 1348
4231 2277
4231 2301
1263 2630
1263 4550
1263 4011
2630 4449
2630 3687
2630 719
4125 4779
4125 4337
2968 4731
2968 746
4731 1254
4731 3471
3278 299
3278 4913
3278 1822
3278 4860
994 1187
2479 4308
2479 3329
2479 567
2479 4117
2479 3533
546 3967
546 329
546 306
546 2221
3967 2524
4045 1680
4045 4677
4045 934
4045 3770
4045 3364
1680 1994
480 903
480 2981
903 534
466 772
466 2570
466 4326
772 2935
2374 3838
2374 3180
2374 3111
2374 2281
2374 3400
2374 3234
2374 138
1807 3764
1807 1957
1807 2066
3764 2159
3764 2488
587 3146
3418 513
2699 1176
2699 2076
2699 2909
2699 2495
2982 1202
2435 4395
2435 3735
2435 1379
4395 3352
4395 1295
4395 3735
1931 1302
2367 2505
2367 1409
2367 2941
2505 3930
3199 1343
3199 1341
1343 1341
3876 3636
3876 1426
3636 3759
4276 3457
4276 743
4276 1199
4276 4839
3457 2128
1113 906
1113 1194
722 3841
722 4249
722 3218
722 3038
722 2112
792 942
792 3398
942 2228
942 3398
4432 4781
4432 524
4432 1237
4781 1643
4781 2687
3570 1878
3570 1986
4030 2519
4030 2056
2519 2199
3962 4426
3962 2820
3962 2551
1928 4313
1184 1249
1184 4897
1249 2739
4423 944
4423 2888
4423 3277
4423 1565
4423 1527
2157 2047
2157 4128
3038 2025
3038 3841
1082 2001
967 4011
967 2761
967 263
967 861
967 3888
4011 3687
1238 3008
1238 1255
1238 2895
3008 2895
3008 1255
1148 2378
186 1212
186 4825
186 2780
186 297
186 482
186 948
186 2029
4929 4091
4929 3562
4929 1709
419 2732
419 2432
2732 2788
2732 3306
2732 4170
1362 3931
1362 3219
1362 243
1362 301
3931 243
3931 1509
4494 704
4494 3552
704 3552
2302 2270
2302 2769
441 3497
441 77
892 2808
892 4227
892 2310
892 3093
4134 4321
4134 3392
4134 3212
4134 4025
4134 4274
4134 2269
4134 2634
4134 2921
4623 3062
4623 918
306 443
3554 2210
3554 1038
3554 4511
3175 1545
3175 3198
3175 3830
872 3555
872 1613
872 2785
3555 1848
3555 4850
4166 2458
4166 2397
1255 44
1255 2895
1181 4765
1181 1240
1181 2129
4765 326
3166 4682
3166 431
3166 4906
4682 1809
3100 3475
4906 1623
1623 109
1623 2029
3156 4420
3156 121
793 2621
793 3237
1770 3946
1770 2373
3946 3768
4881 2040
1253 2851
1253 2997
2851 3854
2704 774
2704 4025
2704 849
774 2406
774 3435
774 849
774 3212
1192 3270
3270 718
3270 1188
3270 2567
3270 3394
3270 3742
3223 1150
3223 510
2493 2653
2493 12
1015 4175
1015 148
1015 4446
1015 2411
1015 4422
1462 4813
1462 2040
1462 4840
1462 4323
1462 3411
4813 2611
2890 1722
4052 1262
4052 1957
4129 2245
4129 2484
1707 4172
1326 98
1326 3687
1326 2419
1326 820
1326 4859
4265 4785
4265 2231
4265 4561
4265 3281
4265 1488
370 558
370 2535
370 3716
370 1420
370 4111
558 4520
2324 192
2324 2296
2324 2475
3324 2692
3324 333
3324 3488
378 3203
2438 3211
342 46
342 25
4530 45
4530 1335
45 1875
931 4268
2619 1765
2619 2461
2619 1693
2619 1709
2619 3562
2619 1072
2619 4659
4856 2185
4856 319
4856 2211
2185 4127
2185 2305
2547 594
2547 4267
2547 325
2547 1167
1849 4566
1849 1641
1849 1507
4566 2171
3585 3235
3280 1032
3280 3701
1032 668
1032 1753
1121 3548
1121 1674
1121 3653
3548 412
1171 4245
1171 950
4722 856
4313 1262
4313 4167
1262 4056
2829 19
684 4895
4924 1777
4924 1551
4924 3645
1777 3568
2074 545
2074 416
2074 324
2074 3702
128 3837
2004 3755
2004 4915
2004 3856
2004 1842
2004 2003
1917 3978
3395 3891
3395 149
3395 4086
4097 2913
4097 75
1529 1020
1529 4212
1529 4903
1529 746
1529 3557
1529 4720
3106 3817
3106 4487
3817 4452
4532 4751
4532 4297
4230 1099
1951 81
1951 3982
81 3982
81 2962
4848 4779
4848 1926
4848 1417
4848 3786
3410 3446
343 4622
343 654
343 1642
4622 1085
4622 3422
4622 1642
4622 654
4490 4540
4490 4418
4540 3080
1900 1485
1900 3371
1485 2081
3982 3827
3982 3984
3982 1756
3982 2879
3982 4697
3982 3187
4348 3394
2024 2643
2024 4631
2207 2303
3367 3052
3367 2022
2328 817
4366 4471
4366 436
4628 929
2411 148
2411 2584
2411 1545
2411 7
2411 3198
2411 4446
2411 4606
148 1545
148 405
148 3198
1481 2500
1481 4264
1481 4035
667 1442
1442 2728
3710 4689
3710 4113
4689 4705
4689 3122
4689 2812
4689 3452
4689 3264
1211 93
1211 1646
1211 1388
3415 2902
3415 4020
1361 4588
1361 1470
1361 3809
4588 2798
4588 2092
1158 332
1158 1790
1158 4603
1158 1575
332 4568
1387 2277
1387 4852
1589 3867
1589 322
3867 3840
4834 3563
4834 1988
4834 4804
3563 2060
3563 415
3563 1988
4294 1756
4294 2217
4258 1958
4258 2638
1958 3975
1958 1673
1958 1025
358 3370
358 1248
3370 4001
4496 2858
2622 4563
2622 3014
2622 1737
2622 3342
4563 3513
4563 262
1753 1924
1753 4529
1753 668
3001 1607
3001 4252
1607 4238
4246 4292
4246 207
1482 2442
1482 3046
1482 3638
2442 1346
2442 4443
2442 1744
4684 910
4684 4122
4684 3698
4684 1875
910 4594
910 4688
4224 2016
4224 2623
4224 1930
4224 2415
4224 706
2025 4681
4626 2908
4626 633
4626 4214
2908 3543
3147 392
3147 124
3147 1979
1389 2065
2065 2886
2065 106
4092 2773
4092 907
4092 3622
2263 2965
2263 976
2965 1585
2675 3120
503 2841
503 2604
503 886
503 4484
2211 3719
2211 4141
2211 4774
2211 4127
1106 261
1106 1885
261 2160
3844 4741
3844 4734
3844 3440
3783 4375
3783 4600
3783 1717
3783 3229
4375 3229
4375 4600
1344 1115
4046 2124
4046 4157
4046 4149
781 3502
845 1215
845 4284
845 1615
845 1048
845 3297
3820 4437
4776 1914
4776 2772
4776 596
4776 4835
4776 4794
4776 28
1914 43
1914 4835
1914 2772
3389 3075
210 4616
210 1135
210 3104
524 4157
524 2687
524 110
115 389
115 3924
115 4444
389 3467
4874 3774
4874 613
4874 1308
4874 63
4874 4055
3774 4000
3774 1479
3774 3045
4741 2807
3445 3228
894 2048
894 4433
894 4306
2048 4306
1497 2826
1497 286
1497 2415
2826 586
3316 4757
3316 3459
4436 4710
2967 2007
2967 3274
2007 3586
1259 1373
1259 846
1259 578
1259 3520
1259 3756
1259 4215
1259 2274
1373 2364
4603 1843
4603 1287
4457 2733
4457 1450
4642 4142
4642 3019
4642 944
4142 944
4142 4926
4142 169
4142 4793
2935 1017
2935 3845
1017 4513
597 1454
597 2633
3039 1842
3039 4177
1842 1062
1842 1429
1842 4065
1842 3543
75 1852
75 2568
75 57
75 1785
75 2495
75 2921
3903 4653
3903 4547
3903 2737
3903 3591
3903 3682
3903 3003
3903 4277
3903 1552
4653 3015
3146 1275
3146 3913
3146 2355
988 2426
2426 1104
112 1013
474 257
474 2953
474 178
3868 7
3868 1018
3252 1723
3252 2307
3252 2240
2307 4180
4180 799
875 4614
875 4548
875 2836
875 4468
4614 3807
4614 1754
4614 3814
4487 4251
4487 3793
4487 1558
4251 4061
737 2669
737 2432
737 2260
737 664
2872 3653
2872 1870
3653 334
3653 2554
3653 3464
2514 3455
2514 1469
2514 326
3455 4099
3455 4216
3455 3792
1998 2261
2261 317
2261 3377
2930 4197
3638 2671
3638 2046
2671 1230
846 3066
2659 3950
1875 3757
4755 4137
4755 2688
3017 899
3017 2404
3017 1646
3017 3613
899 4645
899 2196
3688 2578
3688 4857
2578 1294
2578 1945
4203 110
4203 73
110 1714
110 2687
110 364
3725 4449
1523 2369
1523 3371
1523 32
1523 244
1523 4493
1846 1207
1846 2480
1846 2368
2369 1127
2369 3098
2369 244
817 2741
2741 1890
2741 4591
1454 2202
1454 2838
1454 1401
2202 2955
454 501
454 4806
501 2200
501 1405
501 459
2003 2557
2003 4759
2003 4738
2003 2325
3460 3987
794 3787
794 3996
794 816
794 837
3787 640
3787 1107
3787 1270
1096 3599
1096 2020
1096 1701
3599 830
375 2795
2795 3684
2365 1076
2365 1708
1076 1298
1797 1154
3728 1877
1877 2632
3625 1822
3625 4000
1822 299
58 3248
58 4225
58 2183
3248 2857
4154 2644
2093 2581
2093 30
2093 829
2093 4198
377 3018
377 2341
377 1502
3103 4123
2373 3552
2373 1427
2373 4593
2373 2357
2373 2918
732 1859
732 240
732 3827
1859 1347
1859 3339
1859 4410
1859 527
1859 4241
1859 398
1209 2810
1209 4481
2810 2137
2810 4934
1347 4042
4177 3919
970 423
891 4073
444 660
444 980
444 2429
444 3253
660 980
1906 3777
2217 2879
4113 1624
4113 3240
4113 3695
1624 3687
1624 3240
2460 201
2460 2416
2460 4296
2460 4310
2460 2785
2460 283
201 107
201 2416
4472 3009
4472 3864
4472 2885
4472 1862
3009 2107
251 4662
251 414
251 404
251 2143
251 1893
4662 404
1198 467
1198 1026
3250 3705
3250 1575
3250 232
3250 2181
3250 4641
495 3886
495 1835
3886 379
2655 3287
2655 3806
2377 2516
4028 214
4028 1989
4028 655
4028 1562
1219 2191
1219 168
4666 4399
4666 4118
1788 1606
1788 4122
1806 2657
1806 411
1806 4692
1806 3587
2404 3613
4368 3124
4368 393
4368 4489
4368 1653
4368 3504
4368 1935
4368 1157
4368 1128
4368 4846
3124 1157
3124 1653
3124 4489
3124 1128
309 3983
309 4766
2251 1547
13 2113
13 927
13 2376
13 1378
384 373
632 426
632 164
3849 1901
1901 1960
1901 4463
4887 141
4887 1722
4887 1592
4887 3305
141 1555
141 3151
368 669
322 70
322 3840
3892 3755
3892 1218
779 4849
779 2867
4849 2632
4849 2867
23 1972
23 550
3260 223
3260 4061
3260 2423
3260 3254
3260 3073
3409 1873
3409 3950
1873 118
2764 4916
2764 3960
4076 1752
633 1534
4548 1887
4548 606
4548 121
4548 2283
4548 3807
4235 1909
4235 3025
4235 4359
2256 692
2256 3689
3695 1962
3695 1942
1962 1044
3358 2406
2525 1749
2525 144
2525 2448
2525 860
1749 860
2814 4764
2814 575
1699 1648
775 170
775 485
170 2984
1676 1294
1676 4260
3208 2485
3208 2993
3208 3249
3208 4068
3208 3210
3208 1503
2485 1503
2485 3249
2632 4243
1936 3213
1936 3525
1936 1622
1936 4070
3213 2591
3213 547
3213 3525
3213 885
2005 3691
2005 1592
1852 2921
1852 1557
798 3091
798 1647
3091 3847
2171 53
2171 414
2171 74
2171 1893
2171 1369
2171 656
4502 1785
1785 4784
1190 1765
1190 2017
1190 2366
3805 283
3756 1768
1768 4680
1768 3441
1768 3992
1804 4777
1804 1299
4835 2220
4835 4794
4835 573
4835 4506
4835 3584
4835 2772
2220 122
2220 4794
4810 3374
2452 1117
2452 4757
2223 4228
718 4512
718 3588
718 3394
718 4250
4512 2758
2043 3592
2043 3305
2788 4170
1254 2287
1254 4367
1254 3158
3104 4616
3104 2588
3104 1135
1406 2996
1406 1782
1406 4017
4737 777
4737 1367
4737 2357
2690 3205
2690 3040
3205 4163
852 4010
852 3261
852 938
4010 909
4010 4036
4010 4116
4010 212
4010 4037
4010 1721
4010 1156
4010 1216
1555 3869
1555 3740
1555 2692
3806 2254
3806 2091
2921 3212
2336 4759
3397 628
3397 3741
628 3112
3771 2502
2502 1990
2793 4708
3113 977
3113 2856
3113 253
948 4825
948 2029
2039 710
157 2608
157 979
2608 2073
4600 1984
4600 1717
2696 1237
2696 1621
34 53
1733 3921
1733 478
1733 3951
3921 3486
3921 3951
576 4824
4824 1757
4824 2906
4824 4148
4824 235
4824 4463
4824 2570
2096 2858
407 516
407 4333
407 3167
516 864
4267 162
4267 1421
4267 514
2484 164
2484 2899
1625 1256
1625 787
1256 3066
4903 804
804 4217
2040 1941
1941 4478
4541 4096
4541 3965
4541 1598
4541 3850
4541 449
4541 1107
3587 3824
3587 4576
3824 862
2674 2896
2674 4683
2896 4683
2896 3992
3823 4890
4376 3543
4376 1062
3543 1062
3543 4516
3543 1235
2611 4897
4798 735
4798 4598
4798 4401
4798 305
4798 2918
735 3206
735 174
3003 1552
3003 423
3003 2060
4175 99
1338 3629
1338 4567
1338 171
662 2205
662 3740
4157 4759
1284 1092
1284 3763
1284 4611
1483 2638
2800 3788
2800 3768
2800 1349
1870 4700
508 4806
508 4580
508 847
4806 847
4806 459
4806 367
1885 4363
2027 1103
2027 349
1103 2132
1103 1376
1103 563
2715 913
2996 3557
4884 3581
3581 2381
1384 702
430 4823
430 3670
4823 2530
4823 2976
2538 1395
2538 2075
2538 4038
2538 674
1395 3006
3155 952
3155 3229
3155 3432
4234 3681
4234 2405
4234 4838
329 1463
2974 4864
1622 3964
1622 3012
3964 4070
3752 3974
3752 1196
3943 369
3943 1453
3689 692
3689 1129
3769 741
3769 1037
741 1028
992 1971
992 1376
992 3238
827 1268
827 2011
1048 4059
1048 3297
1048 4919
325 1167
325 1693
4739 1706
4739 3971
4739 4069
3740 1583
3740 924
2780 1212
2780 482
1212 482
2385 2989
2385 4923
2444 4777
2444 4839
2444 142
2444 4937
4777 2128
4777 1299
2405 2894
3416 1416
3416 109
3416 3479
1416 293
3687 719
4751 3473
4751 590
4751 4867
2509 2414
2509 2327
3075 4717
1641 2219
3567 4837
3044 83
83 4905
3227 1593
1593 825
578 4387
4387 3066
1627 2243
2243 2441
769 4618
769 1161
769 3604
2317 3430
2317 4885
3198 4704
3198 1545
4704 1545
1657 2644
1657 3922
649 4111
4111 1467
4111 1468
4111 2447
4111 509
4111 564
4111 1301
4111 3754
4111 2510
4111 2055
4111 4126
4111 4636
4111 3353
2110 160
379 2254
3259 3866
3259 3055
3866 2082
172 1902
172 4528
172 475
1902 882
3701 2471
4611 1886
4611 1052
1886 1119
4516 3933
3933 2710
3010 4009
4009 4257
4009 3466
4244 2914
3661 4897
4284 2190
4577 1829
785 4006
1186 4019
1186 780
4019 4675
4019 14
1002 4117
1002 2393
4574 4525
4574 4207
4574 4074
4574 439
4574 2571
976 1585
976 833
976 3133
1585 1258
1339 2253
1596 216
1596 4032
216 1985
1759 4252
1759 2174
3537 3735
4699 4141
4141 1840
3297 4919
1666 200
3173 404
404 1039
404 1967
217 2091
217 1795
4465 4523
977 1662
977 3332
977 552
1939 492
1939 529
492 4723
4444 3025
2239 2229
2239 1208
2239 622
2955 4114
2807 2845
1937 520
1937 1618
1937 3531
1937 3186
1937 3686
1937 936
1937 3261
746 3471
746 850
746 4367
746 3269
746 386
746 3947
2143 4435
3243 4004
4542 616
4307 3712
3374 1620
3374 530
4209 1780
4209 1948
1780 690
1780 193
2580 1795
118 9
118 4024
118 2500
4471 2481
2406 1007
1007 3801
1007 4772
2952 1531
2952 133
2952 3099
1531 371
1531 4860
3476 2889
3476 3840
2889 2118
140 82
4103 4202
4103 4509
4202 799
3376 2997
3376 3214
3376 3565
847 367
692 66
692 2252
692 3906
692 2382
1794 2822
9 800
2902 245
20 801
20 1556
20 3536
801 3428
801 4067
801 1499
2661 2149
2661 1360
2661 2008
2149 3315
4229 541
4229 2725
541 3827
1196 3974
1196 1298
3974 2548
3974 3645
3974 3430
3974 544
3974 422
1345 3623
1345 2853
1345 4913
734 87
734 428
860 1658
1880 1097
1097 4241
1097 53
919 1952
3910 4278
3910 195
2856 1308
3523 1648
3523 4027
1648 2098
1469 2899
2899 3760
2899 3951
2899 326
1651 4297
1651 1861
1651 1290
4297 4136
4297 4349
4145 130
1309 4314
4589 4711
4711 339
3770 233
2740 4727
223 1974
223 2976
934 4832
4832 3911
787 4337
787 896
787 2963
787 1026
787 3299
787 1310
971 529
529 4923
4207 621
4207 3929
3951 400
400 4709
4006 2364
4814 4913
4913 3623
2169 2736
936 2680
936 3531
2397 2458
4260 1318
4260 2422
3944 167
3944 3477
2687 1392
1401 1932
1932 395
1932 3144
1077 4088
3854 3709
3854 1001
3854 603
3709 603
4002 409
4002 338
4002 611
4002 908
4002 5
409 3475
409 4262
1592 1392
1592 3305
1592 2343
1637 2629
2108 683
683 671
683 3843
683 3611
53 1507
1610 4100
1610 944
1610 2664
1610 432
1610 1527
4100 1827
2080 1350
2892 24
24 3955
4277 4101
4277 3981
4277 2594
4277 770
4101 1702
771 1046
482 2077
944 2888
944 1827
2888 555
2888 3277
4620 1979
4620 461
4620 1779
1979 4817
2767 2713
2767 1655
2713 1115
2713 673
2221 4121
2682 366
2682 2787
2682 602
366 3341
366 2787
2550 3801
2550 1160
3801 3693
2761 2164
2761 263
2037 2018
2037 2200
2037 1405
2037 2315
2037 1570
2018 1016
2018 346
3981 182
4212 2162
1004 555
1004 4437
780 2279
780 4675
17 563
17 1750
3907 1847
471 2020
703 4347
703 522
2638 2834
2638 3477
2638 1965
4725 1696
4725 456
4725 1915
3164 564
564 4636
2891 412
2891 610
2891 2656
2891 2082
3530 2950
2950 938
2950 616
1722 3583
1722 2937
986 4311
986 423
986 4804
4311 4804
4311 3631
3321 1267
3321 1526
3321 2936
1267 3784
1267 1595
1965 3975
2500 4374
2030 4482
2030 2337
2030 3651
2030 3887
4482 2562
3760 4359
3760 1368
3760 326
2571 1488
2571 153
1488 3174
1488 2011
4893 4347
4893 2942
4893 2313
4893 4144
4893 3731
4893 3932
4347 4651
2360 4809
2360 67
2641 1321
3423 665
3423 4659
3423 1559
3456 2380
2380 3378
2380 583
2419 2612
4318 3582
4318 4535
3582 1270
3077 1776
4825 196
4825 1322
4825 2029
2190 1445
2190 1798
2190 402
2190 3990
1445 3990
3948 4323
4323 1742
4323 873
4323 3411
4717 4025
4717 2734
4717 4784
4717 4669
4025 849
3999 1603
3999 4850
3999 1613
1603 1613
269 1474
1545 1922
1545 3830
956 1833
1833 2060
1833 3484
1833 1289
2204 3049
2204 4526
2204 2300
3049 4369
3807 3095
3807 1067
3807 4638
3807 229
3807 127
3807 460
613 3045
613 477
613 595
4521 927
3611 4341
3611 3591
3611 3484
4341 3342
2413 3726
3726 3952
3726 900
2804 3598
2804 3244
981 1896
981 917
981 537
981 714
895 3426
2548 1925
3345 4441
4441 1840
62 4303
2805 2035
2805 4667
2805 4613
2035 4095
351 2681
2681 388
2075 199
2075 1599
2075 1908
199 203
3394 2097
4330 2876
4890 2170
4437 2647
681 3574
681 60
3574 4510
3574 4694
2235 1969
2235 2984
1969 648
3098 244
4681 447
3475 4084
3475 338
3475 2853
2684 873
2684 4868
2684 3750
197 3325
197 871
3325 2049
4640 3918
4640 1128
4640 1513
812 1298
1298 3462
1456 1504
1504 161
1504 1769
1193 826
1193 4734
826 1065
4698 1786
1008 3035
3311 943
3619 504
3619 1743
504 3066
560 2931
560 1060
560 528
411 3048
411 1836
4883 1010
4883 4610
4883 4415
1010 4415
440 4179
4503 4335
4503 1079
4503 2209
4503 1232
4503 3896
4335 3179
4335 2983
4335 1079
873 1682
873 3750
2584 1023
2691 3341
2368 4819
2368 2480
2368 2837
575 4150
4775 1407
3980 3492
3980 275
3492 2915
2109 346
2109 1165
2109 1016
2109 52
2378 2060
2384 3141
3141 2658
616 3353
616 2017
616 2052
616 2366
616 1156
1168 2566
1168 1300
2566 519
1426 1045
2673 4670
2673 1712
4670 4524
3244 4418
2060 1552
2060 3057
243 2072
1393 3737
3497 629
3497 3462
3497 2348
3497 273
990 424
990 2953
1835 3028
1835 4334
1835 4301
1835 3922
3028 4334
3028 2227
4520 2001
2736 688
2736 1080
688 349
1110 4543
2821 283
283 2020
3840 2726
3840 2118
3840 1570
1370 2577
1370 3442
1370 2669
2107 2330
2576 3186
2576 4842
2874 4289
2874 2062
2874 1990
4289 4181
4509 1299
4509 1892
2778 3642
2778 1642
3642 1642
4565 3679
4565 2271
3167 2569
3167 2106
3167 864
3381 1560
2786 4304
372 4385
372 808
3947 2162
2162 2279
998 2066
998 4296
998 1783
1072 1216
2870 3340
2870 2823
2870 2504
2870 2603
2591 885
2591 3065
2591 547
1990 1434
1990 4790
1990 784
218 3032
218 961
218 3606
3032 1926
297 1322
297 196
3553 3315
3553 4124
1981 3794
3751 2835
1535 1542
4000 4055
4000 1821
4000 4392
4000 2753
4000 55
1503 2615
1503 3249
1165 837
3240 1918
2079 682
2094 3304
2094 4144
2094 3595
2094 2942
3304 2186
3304 1251
313 213
4688 2168
1509 4703
1588 525
1588 274
525 3246
525 274
4178 477
231 695
2104 2777
2104 266
3627 2337
3627 3858
3627 410
2827 3811
4477 4108
4477 182
4108 4236
4429 1223
4429 2711
1335 4736
4736 3757
4852 2929
4852 3309
1107 640
1107 3135
1107 3220
1107 4377
1107 2551
4538 1665
3056 4693
3056 969
3668 2877
3668 3161
2877 3835
4427 4580
4580 2321
2983 542
3036 1695
1695 3919
1695 1235
1182 2729
2729 1696
4339 1432
4339 2416
4339 604
512 4109
512 472
512 2866
4109 4910
4109 333
4804 3935
2679 1605
2679 4526
2679 211
2679 2558
2670 4784
669 2410
4249 2112
2134 4522
3515 2529
3515 2138
3515 641
263 2164
1561 710
1942 3387
1942 1257
1942 2787
1942 292
3014 1240
3014 1027
382 3589
382 946
3589 4064
3589 67
3589 1524
1449 3483
1368 3151
1368 3488
3477 1726
1526 3481
4710 3988
4710 4918
253 4860
2414 1692
1313 674
220 2662
2862 1522
2862 4160
2862 791
1522 2794
2267 3006
717 923
180 2513
2637 3958
2964 82
2964 3128
2964 532
1798 3990
3990 71
1508 3451
1508 4091
917 4061
917 3901
3436 2268
3436 2090
2268 2737
2375 3440
393 1157
2574 4434
3915 937
3915 1432
937 1046
937 4657
2743 2160
2743 2744
908 1163
515 406
515 1672
515 2361
3634 953
4279 4114
3988 3812
3988 659
770 3591
770 3484
770 1953
3591 3342
1272 2640
1272 3426
1275 4374
4374 4569
1655 2497
1655 1226
3430 4769
3430 2756
373 4569
373 488
3795 55
4489 1128
70 1570
2105 2311
2311 4377
4935 2457
1891 1057
1891 4435
1891 3812
1520 4896
1520 4185
1011 1802
1011 989
1802 989
4562 423
4562 3483
423 4766
4415 3608
1668 2451
1467 4499
133 2078
2049 3126
2049 1582
3757 3603
4794 4302
286 1242
286 1930
2711 2692
2711 2283
2711 3612
2711 2956
2711 4464
943 3018
4631 2643
4099 4930
4099 3792
2906 1999
2906 1876
2905 673
2905 1140
4507 605
4507 4820
1848 1985
4269 583
4269 1778
3369 3182
3369 3744
3182 4419
3371 4800
3371 950
3371 1232
3371 2792
1994 4602
1945 468
1945 1355
468 246
468 489
468 989
2785 4032
2785 3002
4032 2855
4227 510
1295 1438
1468 3624
1057 731
1057 4435
1016 52
842 3596
842 1787
1691 1571
2931 228
3306 2728
4723 4923
4723 1983
4723 929
4080 4029
3802 4847
4847 4872
2400 4727
1664 2976
2313 1571
2313 4391
1571 4144
3838 3487
1786 311
1786 3417
1786 3831
1786 1857
311 572
311 1973
311 490
4464 50
3483 870
4493 1177
4493 32
1827 1949
2649 3579
3579 4518
3579 3185
3579 2470
4900 285
4900 1921
1874 1633
1658 4797
1658 2338
1658 687
569 4869
3827 527
3789 4920
3789 2832
3789 1889
1831 4044
1831 1608
1831 1853
4044 1853
485 1139
1139 4559
328 274
328 3977
274 3246
2415 2933
2415 1930
3620 4033
2504 743
2504 1199
2504 1173
1711 4782
3501 144
3501 3663
144 2977
182 4730
182 918
182 3837
182 1403
4238 2174
4937 4864
835 1159
1252 4365
1252 3467
2133 2561
2133 1474
2133 4050
2133 2370
2561 4050
2662 4408
2662 410
3185 2869
3185 543
4136 4349
4136 3960
4868 1151
4868 4163
2546 4413
2546 296
2546 1173
2546 3340
4413 600
767 2151
767 26
1087 3640
1087 4601
4015 250
4015 2517
4015 2607
250 2751
4296 1912
4774 2420
4774 4127
2610 2408
2557 489
4789 3125
303 1300
1300 2422
1435 592
1435 4264
592 800
2516 2240
1986 2660
2660 3289
2783 711
711 4598
3093 2310
3093 275
2560 881
2560 3765
881 1524
881 946
2017 2366
3513 1755
3513 4569
3732 3696
4714 3792
4714 676
3792 1026
2625 2388
3135 2551
3135 3478
1647 2257
3002 3857
1977 4023
4023 1147
862 2439
4561 1921
4561 1881
1921 268
4467 4469
3212 1191
4686 4072
3073 4299
673 1115
1024 4601
3673 4808
4064 3495
1071 272
1071 4147
272 3647
3055 3546
2596 1565
2596 2253
2596 479
1519 4706
4144 3989
4144 522
2848 912
2848 1506
912 3575
12 1583
12 3566
1583 2412
4250 2163
65 3023
435 4658
3490 982
3490 418
918 4162
918 643
1337 3500
4351 3917
4351 3112
3917 3035
4800 4894
987 4675
1811 4501
825 4459
2164 3821
2164 1729
2164 4106
2464 696
2464 2034
696 2618
4217 3019
647 320
647 3203
4828 4439
4439 679
4517 3848
3848 3934
4116 2058
4116 2228
4654 4362
4418 2173
3858 3651
4501 1776
4501 1499
245 3762
1989 3604
1989 3494
829 4389
829 4198
3830 2068
2536 3196
2536 2139
3196 4892
3196 4936
2588 4456
2588 2909
2244 4590
2244 3748
4590 1036
1451 4017
1451 396
1451 3074
1960 4184
2055 809
809 2510
3388 1000
3388 548
1000 548
4546 658
3723 2054
2054 395
4888 3453
4888 3718
1185 1003
1185 4585
1003 1400
1003 3959
1003 4591
2867 1236
1236 3254
1236 350
238 4581
238 1477
238 3512
3960 4349
3950 1312
1473 4270
1473 2250
1473 4844
1473 890
1473 3482
4270 4844
2803 3670
2989 4908
2989 1855
3954 2846
2846 3225
4241 4410
3613 3074
534 3015
4091 3272
4727 4147
2703 4570
4078 581
4078 4038
4078 388
581 388
2441 1029
361 2782
361 2387
361 905
3218 3435
3218 900
3222 2430
3222 3027
961 300
3310 3298
3298 926
2154 1881
4027 1152
2830 553
2830 1778
553 3881
1065 1044
1052 3928
1281 2187
1281 2294
1281 3970
1281 2719
4271 2081
4271 3390
2081 4257
2963 1528
1528 3697
3809 2648
1310 3618
2160 3065
2160 4892
4744 4070
2737 1836
807 4456
807 2495
2305 2700
2305 776
338 4498
4498 2295
3748 3203
3649 1074
477 1662
477 4754
2700 4909
4795 294
2008 3109
3109 420
4934 4124
4124 4843
4882 2494
4882 2002
4534 1478
4534 3588
2724 1487
4750 3030
4879 593
2631 1855
2631 1095
2631 3308
1289 3031
1289 4190
3031 2816
3031 4195
2436 3561
1104 3804
1104 2497
1104 4815
1195 511
67 3881
67 3927
3922 4301
850 1697
850 61
1697 61
1464 2201
3684 2962
1194 4728
1194 4414
1194 4170
1194 3069
1966 35
352 810
810 130
810 4458
3489 3465
3489 3815
3362 2791
2791 3680
654 1642
1366 2836
2836 2453
4404 2416
4264 1059
5 2295
5 2853
2295 557
2773 3622
4287 3434
3392 3438
3392 1665
4877 1881
1881 2224
1881 866
3122 4524
26 514
2607 4504
1974 2423
1974 4379
4083 3957
429 796
429 2257
935 941
1795 636
4042 2219
3938 1349
3938 4940
4499 4037
3459 4833
2085 333
2085 3488
2085 3884
3162 2693
3162 4308
1682 3600
3131 1698
3131 4056
3131 126
4143 3545
4143 3956
3545 1890
3545 3959
4726 475
4587 3269
213 479
1432 604
622 1862
424 2683
3431 4801
1511 786
3025 4796
3111 1108
4216 2407
4728 2139
3643 2562
2457 2725
4407 3845
4663 290
3136 4917
2727 4363
2727 624
1208 2595
478 3744
456 1771
456 1915
1771 923
2537 3318
2537 4609
2537 1264
2537 4377
1119 3092
3832 3572
2172 1764
1867 3739
4262 1703
3755 1051
3755 2766
3495 3718
3495 4615
3648 3407
3648 100
281 1058
3551 3716
3551 2192
1944 2450
270 1448
1890 1400
1649 3877
1649 114
1649 3076
1649 4857
2112 3539
2112 3578
2112 447
4094 1915
1915 2533
2310 2088
2966 54
4694 877
4071 2137
559 316
1147 2063
2958 4843
2958 2137
4843 2137
1617 3808
1617 3189
2609 3969
2609 2915
2853 3262
3262 391
256 3791
2422 3067
3067 2232
4257 3466
1549 2991
980 857
3066 2938
2046 3536
4648 2076
4648 1135
542 2973
4446 405
57 2909
4915 3633
4597 4749
4597 1170
4597 4816
2751 3749
2751 4652
2454 4584
3342 3618
833 701
2355 631
638 1572
4895 2456
4895 2424
2456 519
2456 2232
4907 2667
1402 4841
3909 1431
1569 3322
1569 3464
405 1758
3353 2447
44 248
44 4151
44 2478
3027 3372
3027 2977
2458 2903
3148 1471
3148 2351
1471 428
552 3332
552 595
3647 410
349 3238
1463 4938
1463 234
1463 725
189 2926
4518 543
4518 3334
4518 4174
3407 4598
3407 305
3666 4772
3666 1160
3666 1898
3666 3086
61 386
3355 2042
3355 2809
4742 4514
3016 1496
4720 224
224 3935
2726 1286
3464 615
952 3229
1631 4491
1631 2203
1631 2813
2145 3360
2145 1632
2145 1621
3438 3128
4570 1371
2095 2332
2095 350
2095 3670
4377 3220
4346 3609
3609 2959
556 1303
556 2120
556 3195
1303 3195
4447 1628
1628 2050
1913 701
2159 95
2159 4167
500 420
500 3511
500 4531
3061 1815
4759 310
2708 3519
2708 339
701 548
701 228
3317 4936
3317 3382
3576 3615
3576 1820
300 1975
3766 1764
1764 29
2710 3267
2710 1218
2710 1352
3267 2835
3267 3232
1967 4452
543 2103
543 4104
3815 1458
1458 2236
2658 882
2658 2792
882 2959
1787 3744
1758 2799
1514 1365
1514 227
1514 310
1514 3401
1365 3401
1355 242
4918 2121
3739 3851
3717 2769
3717 4930
4326 1762
1762 4513
4095 51
1844 3772
1844 2346
2497 2845
413 3883
413 2636
2656 2887
929 1427
412 3189
557 4219
926 1644
2061 1441
1853 4841
3697 4608
3870 4056
3870 1743
3870 1698
2051 3048
1079 3896
3735 1088
1993 3065
122 1047
3229 4870
979 1734
979 225
1734 2815
1734 834
1334 4220
1793 395
1218 693
1258 901
519 1318
3972 1629
3972 1105
4128 3108
1963 1959
36 179
1513 1304
2468 376
2468 1978
3665 2258
4528 1141
4160 1131
2847 565
2183 610
2183 4545
326 3365
1230 4630
4630 4443
4630 1131
4630 2532
4433 983
4433 1466
2944 3214
2944 2731
1813 1510
1813 2676
1510 566
3048 870
2175 1143
3963 355
3969 2389
2792 4331
371 1639
2841 4484
4659 2146
3309 3606
1556 135
1556 2532
2822 4536
2822 4644
4536 4434
4536 3558
4536 1546
3220 4007
3220 4488
350 642
3097 3015
3884 2970
2050 4120
715 2875
107 4667
2033 2165
2033 4434
1341 3105
1948 4788
1948 2586
2592 2203
1042 154
1105 3569
1105 3289
1105 1028
1643 3200
380 2542
3984 4697
114 2669
114 962
1431 2312
1037 1028
1028 957
2667 3379
694 2056
1949 1669
1669 2629
837 137
837 1081
2878 3682
1078 4763
1988 3935
2469 568
2469 1652
3249 3908
3120 1380
331 488
814 574
814 2315
814 52
3618 3912
1009 3568
3568 1564
3568 1551
1329 3443
1329 2296
1329 2026
3443 2026
1418 677
1202 2041
1202 4559
1286 367
305 2918
1005 292
3524 1228
1855 3978
2209 1433
2209 1232
1433 1232
4378 3507
1978 4865
4443 41
3565 2949
3565 2301
2186 4325
2231 866
2231 483
345 2451
345 4022
3901 2069
1033 2129
2357 4048
1131 1306
1131 1744
4036 2192
2542 3538
4349 3472
3578 2249
1602 1911
1911 307
3608 2811
3608 2933
3971 4069
668 1544
2664 169
1564 820
676 3225
2816 4195
4195 4162
4086 4560
4086 2242
4086 672
2346 3772
702 1656
1656 4613
3509 3401
4242 4379
3004 2296
3004 2961
1876 528
233 4089
4089 698
4198 1834
3203 1036
3203 3228
1380 2181
595 3641
595 1308
595 1705
3641 4754
513 2443
4043 3069
2318 864
2318 3897
1453 2582
2389 3540
3628 1145
1582 4763
2387 4411
2677 502
3428 1499
4008 4920
4459 4552
4459 4213
4228 33
2330 2278
2581 1144
95 126
2705 1188
3161 1273
2236 4497
4385 3054
4385 2837
924 2226
4905 1221
834 3266
1551 904
4069 3617
4069 1288
1744 1306
1188 3348
1188 2567
1170 1441
4488 3307
4488 843
4308 4102
1228 1710
4624 623
4692 2090
4692 1363
4185 3053
3053 612
2933 4360
4419 4808
3881 4855
4855 2991
4716 4170
1686 149
4072 1241
947 3882
1308 4392
4909 1428
3076 4170
1173 2290
677 1865
2064 2002
2064 4112
4733 1191
4733 4669
1191 4669
4388 367
3481 1595
418 452
418 1031
3573 1708
3573 198
1821 1705
4644 1923
2168 4381
1532 4579
2472 276
3693 1898
3897 1908
3466 3527
190 4680
190 3441
4421 1815
68 689
152 2904
2904 4338
3478 3121
4073 3759
4452 3379
4452 3699
4452 2473
670 488
2376 1818
234 725
1621 3138
4735 4770
2443 1364
4153 486
4676 3542
4676 1025
887 1153
887 3068
2343 3305
2343 2742
2343 3347
3447 602
2744 1735
246 1663
21 265
241 2914
2167 4057
2683 1417
399 442
2695 748
3878 4013
4922 916
4922 265
1001 4599
3512 1477
820 904
1029 4320
4652 4504
4504 2417
1918 4060
4601 2383
697 4636
4838 3216
3216 3133
2618 2393
4668 4497
679 1162
679 3283
679 1457
1162 1457
52 3335
4107 3314
2011 790
2011 3357
3121 3159
3121 6
2959 4621
1144 1865
1923 3083
2382 4424
2072 4204
3060 2478
2078 4635
1515 3242
1515 2992
2640 1465
428 39
2278 2402
4248 1444
4248 3242
3015 4816
3015 2022
4939 4697
661 707
661 4660
3987 3257
1613 4408
866 2155
2402 4752
2331 1446
4226 4917
307 3005
307 3320
2203 2303
3784 455
85 3242
2901 1059
174 3206
4050 2370
2063 1619
830 3887
938 3862
2854 3052
1446 1475
1446 561
4485 4398
567 3533
3722 1725
3176 2242
1701 3614
1457 3839
421 3842
4458 2233
2647 1145
33 3875
2327 1689
4602 3985
4829 3005
3052 1724
4379 4807
4152 3937
1151 4026
4480 155
2092 2146
2407 90
643 3079
90 2234
1581 4098
3942 4685
3534 100
2069 1369
4476 642
2473 1356
4390 1460
3144 1492
