2783 6007
2592 1475
2592 1578
2592 1277
2592 1113
2592 854
2592 2207
2592 1855
2592 2546
2592 232
2592 1144
2592 1513
2592 1572
2592 487
2592 1604
2592 1400
2592 1195
2592 44
2592 983
2592 2168
2592 126
2592 1284
2592 840
2592 212
2592 1458
2592 2100
2592 1544
2592 1041
2592 790
2592 978
2592 2182
2592 1697
2592 863
2592 196
2592 1107
2592 2073
2592 485
2592 2372
2592 844
2592 1125
2592 2429
2592 2014
2592 1018
2592 5
2592 659
2592 1505
1475 1474
1475 2172
1475 534
1475 2234
1475 764
1578 1474
1277 1107
1277 25
1113 2455
1113 135
1113 1842
1113 2237
1113 727
1113 863
1113 2644
1113 2172
1113 947
1113 2215
1113 1529
1113 2076
1113 170
1113 1463
1113 990
854 2372
854 1503
854 188
854 982
2207 1697
2207 2378
2207 1007
2207 1020
2207 78
2207 2446
2207 482
2207 958
2207 554
2207 961
1855 1474
1855 1021
1855 1457
2546 2407
2546 1332
2546 1350
2546 1391
2546 2425
2546 1656
2546 1700
2546 1938
232 1474
232 1845
232 1417
232 2733
232 1786
232 627
232 293
232 2101
1144 1513
1572 482
1572 1185
487 274
487 2044
487 1864
487 964
487 1034
487 196
487 1368
487 1540
487 590
487 1334
487 2310
487 787
487 490
487 2307
487 1667
487 1793
1400 1393
1400 851
1400 325
1400 1588
1400 2066
1400 540
1400 900
1400 1301
1400 1544
1400 1086
1400 1060
1400 863
1400 2172
1400 2446
1400 1107
1400 1554
1400 1774
44 1099
2168 1105
2168 1224
2168 5
2168 1313
126 338
126 761
126 445
1284 1731
840 2278
840 732
840 1030
1458 770
2100 1170
1544 2073
1544 274
1544 518
1544 2763
1544 2739
1544 1557
1544 2193
1544 323
1544 1628
1544 1240
1544 197
1544 1783
1544 1596
1544 1649
1544 1086
1544 1060
1544 863
1544 367
1544 2172
1544 21
1544 1107
1544 1157
1544 765
1544 2496
1544 1008
1544 1905
1544 1979
1544 2523
1544 2014
1544 1565
1544 368
790 342
790 1943
978 425
978 2407
978 274
978 521
978 2763
978 1519
978 672
978 804
978 383
978 102
978 1755
978 1705
978 2160
978 964
978 1016
978 1125
978 2310
2182 1836
2182 244
2182 1870
2182 1143
2182 1080
2182 2162
2182 1350
2182 1299
2182 1309
2182 1491
2182 709
2182 2688
2182 1571
2182 464
2182 1940
2182 862
2182 1125
2182 2554
2182 162
2182 1245
2182 1582
1697 425
1697 2277
1697 2091
1697 289
1697 892
1697 1516
1697 1645
1697 475
1697 1007
1697 99
1697 1309
1697 2644
1697 418
1697 2686
1697 1214
1697 2195
1697 134
1697 482
1697 723
1697 1670
1697 285
1697 2001
1697 2554
1697 2014
863 2407
863 1474
863 545
863 2583
863 2571
863 2114
863 420
863 1579
863 1913
863 1356
863 2096
863 256
863 2066
863 2172
863 948
863 554
863 2523
863 621
196 1474
196 676
196 979
196 1979
196 359
1107 1979
2073 1985
2073 518
2073 1594
2073 2518
2073 1905
2073 5
485 995
485 2609
485 103
485 1430
485 2178
485 2063
485 1298
485 1223
2372 2261
2372 1594
844 1393
844 982
844 934
844 2525
1125 425
1125 521
1125 1190
1125 235
1125 2645
1125 804
1125 867
1125 1178
1125 2328
1125 1965
1125 717
2429 1474
2429 147
2429 2020
2429 420
2429 2342
2429 2636
2429 2089
2429 2189
2429 1591
2429 547
2429 2347
2429 1679
2429 324
2429 958
2014 274
2014 1474
2014 2643
1018 274
5 274
5 118
5 1714
5 518
5 2637
5 2680
5 1444
5 585
5 2057
659 2407
659 2064
659 521
659 275
659 2763
659 672
659 804
659 1598
659 819
659 266
659 1795
659 2054
659 2565
659 787
659 1565
1505 2727
1393 399
1393 1712
1393 982
1393 1240
851 2523
851 1557
1588 1845
1588 1905
1588 1822
1588 2308
2066 554
2066 2523
540 900
540 2646
900 2261
900 90
900 2462
900 291
900 1664
900 1791
900 948
1086 2543
1086 194
1086 2164
1086 1866
1086 409
1060 1413
1060 414
1060 1931
1060 61
1060 1574
1060 1148
1060 169
1060 2579
1060 2001
1060 2523
1060 1844
2172 745
2172 1007
2172 1314
2172 428
2172 418
2172 367
2172 764
2172 1823
2172 66
2172 203
2172 469
2172 2742
2172 456
2172 778
2172 2587
2172 950
2172 1079
2172 2631
2172 359
2172 621
2446 2253
2446 1709
2446 1020
2446 1417
2446 134
2446 125
2446 326
2446 472
2446 925
2446 1093
2446 1796
2446 1076
2446 2610
2446 962
2446 464
2446 2001
2446 1245
1554 2068
1554 2027
1554 53
1554 2736
1554 2026
1554 2459
1554 2555
1554 234
1554 166
1554 2416
1554 1211
1554 1905
1774 157
1774 1448
1774 1154
1737 2745
1737 1742
1737 1825
1737 346
1737 2633
1737 2500
1737 1434
1737 1498
1737 2190
1737 1582
2745 20
2745 1816
1742 191
1742 1305
346 1159
346 1816
346 2290
346 1238
2500 673
2500 695
2500 504
2500 1266
2500 1053
1498 244
1498 358
1498 1731
1498 341
1498 930
1498 1582
2190 1948
2190 2495
2190 1816
2190 621
1582 2384
1582 2195
1582 1949
1582 98
1582 2662
1582 1465
1582 1615
1582 1967
1582 267
1582 1964
1582 1005
1582 2563
1582 10
128 2508
128 2068
2508 43
2508 2555
2508 545
2508 1905
2508 2501
2508 943
2508 554
2068 2027
2068 53
2068 2387
2068 2016
2068 59
2068 1468
2068 1449
2068 2440
2068 1055
2068 2555
2068 234
2068 745
2068 545
2068 66
2068 1860
2068 166
2068 778
2068 2416
2068 1079
2068 1905
2068 2501
2068 943
2068 554
2068 2523
2068 359
43 1720
43 2448
43 947
43 1047
43 2523
2555 613
2555 848
2555 943
2555 554
545 1579
545 1860
545 755
545 182
545 1584
1905 2232
1905 1845
1905 1105
1905 745
1905 613
1905 1007
1905 151
1905 1594
1905 1193
1905 2729
1905 554
943 1219
554 613
554 275
554 2016
554 2026
554 1449
554 2440
554 66
554 1860
554 755
554 2523
518 2261
518 1165
518 1603
518 1008
1594 2518
1594 95
1594 188
1594 2408
1594 2293
1594 2167
1594 1075
1594 32
1594 2077
2027 1712
2027 613
2027 2606
2027 620
2027 794
2027 2729
53 521
53 745
53 21
53 717
53 2387
53 1560
53 1557
53 660
2387 2197
2387 521
2387 745
2387 21
2387 717
2016 745
59 2232
59 1903
59 627
1468 976
1468 2309
1468 1931
1449 1474
1449 498
1449 2698
1449 2710
2440 2729
1055 1275
1055 1854
1055 46
745 2459
745 613
745 1211
745 2419
745 2001
1860 1753
1860 1542
778 1314
1079 845
1079 1926
1079 862
2523 2232
2523 1729
2523 2407
2523 1403
2523 811
2523 1845
2523 1105
2523 1007
2523 1193
2523 1627
2523 1598
2523 1048
2523 868
2523 1418
2523 1503
2523 2611
2523 717
359 235
359 1111
359 1149
1464 802
1464 1088
1464 1022
1464 1605
1464 674
1464 464
1464 2646
1464 79
1088 1160
1088 2001
1022 2261
1022 2567
1022 2407
1022 274
1022 366
1022 2327
1022 1640
1022 1862
1022 114
1022 2058
1022 100
1022 1510
1022 132
1022 1021
1022 135
1022 580
1022 1556
1022 1109
1022 781
1022 1741
1022 2394
1022 2453
1022 1314
1022 1791
1022 552
1022 367
1022 674
1022 458
1022 905
1022 1584
1022 1512
1022 565
1022 1077
1022 1253
1022 246
1022 113
1605 2418
674 133
674 2672
674 1385
464 1361
464 2253
464 366
464 36
464 1858
464 2384
464 2474
464 1637
464 229
464 1350
464 2436
464 617
464 2264
464 1233
464 1029
464 223
464 534
464 63
464 1014
464 411
464 20
464 1841
464 2643
464 2561
464 1492
464 383
464 622
464 2627
464 424
464 1356
464 1832
464 1049
464 1033
464 2133
464 1726
464 2521
464 171
464 62
464 1011
464 1122
464 606
464 1094
464 1833
464 587
464 1817
464 1577
464 910
464 2380
464 136
464 583
464 2353
464 2428
464 1887
464 923
464 1548
464 649
464 2468
464 1121
464 292
464 2131
464 444
464 2579
464 711
464 1247
464 19
464 1
464 830
464 2431
464 2716
464 2007
464 792
464 687
464 2271
2646 1215
2646 1136
2646 2590
2646 1619
2646 105
2646 1181
2646 2194
2646 129
2646 240
79 1665
79 968
79 384
79 2344
79 2202
79 461
79 223
79 2590
79 237
79 843
79 162
1160 2670
1160 1601
1160 622
1160 214
1160 95
1160 2220
1160 1148
1160 2579
2001 1309
2001 2543
2001 1474
2001 1007
2001 1020
2001 1051
2001 2015
2001 2606
2001 1694
2001 2091
2001 145
2001 1611
2001 990
2001 961
2001 633
2001 2495
2001 1245
2001 901
2001 621
72 2291
72 258
72 513
72 814
72 2305
72 1197
2291 2378
2291 506
2291 544
258 2378
258 2406
258 2705
258 549
258 429
258 1175
513 814
513 1348
2305 1474
2305 1314
2305 261
2305 646
2305 1998
2305 1682
2305 809
2305 1903
2305 35
2305 931
2305 2157
1197 1741
2378 817
2378 2253
2378 1625
2378 822
2378 2520
2378 1474
2378 6
2378 1096
2378 1908
2378 1516
2378 1714
2378 2755
2378 2511
2378 2696
2378 1867
2378 1769
2378 2319
2378 2482
2378 2224
2378 2704
2378 368
2378 771
2406 1712
2406 1332
2406 2755
2406 872
2406 75
2705 2755
2705 549
549 2755
429 1602
429 769
429 1749
429 1732
1175 1570
1175 366
1175 1021
1175 2755
1175 2574
1175 1045
1175 1390
1175 1616
1175 2052
1175 827
1175 2776
1175 52
1175 1585
1175 697
1175 2200
1175 1618
1175 600
1175 625
1175 398
1175 177
1175 1424
1175 168
1175 550
1175 2065
2232 1234
2232 2269
2232 1601
2232 1014
2232 449
2232 2624
2232 2000
2232 2542
2232 194
2232 2427
2232 2040
2232 1952
2232 1898
2232 1499
2232 1270
2232 1878
2232 357
2232 2670
2232 2316
2232 2441
2232 265
2232 1820
2232 1719
2232 1748
2232 2356
2232 1815
2232 1727
2232 970
2232 2488
2232 521
2232 1186
2232 566
2232 118
2232 1676
2232 1910
2232 898
2232 1509
2232 708
2232 214
2232 1476
2232 557
2232 2348
2232 1771
2232 537
2232 442
2232 856
2232 1105
2232 415
2232 185
2232 2728
2232 2010
2232 904
2232 2093
2232 198
2232 703
2232 1783
2232 403
2232 869
2232 2373
2232 181
2232 1614
2232 546
2232 1851
2232 494
2232 1753
2232 1639
2232 2004
2232 2507
2232 1721
2232 2313
2232 1684
2232 1537
2232 2044
2232 526
2232 1067
2232 1375
2232 1118
2232 2205
2232 593
2232 2738
2232 1327
2232 742
2232 1115
2232 2404
2232 2564
2232 1637
2232 661
2232 1813
2232 93
2232 2722
2232 1970
2232 1807
2232 2224
2232 1320
2232 1756
2232 2108
2232 2585
2232 24
2232 218
2232 2712
2232 1158
2232 58
2232 2338
2232 1461
2232 236
2232 1489
2232 137
2232 1540
2232 2473
2232 1177
2232 81
2232 2677
2232 1193
2232 421
2232 478
2232 2077
2232 2381
2232 2700
2232 2215
2232 1802
2232 859
2232 847
2232 2212
2232 523
2232 264
2232 2038
1234 1148
1234 2579
2269 1570
2269 1361
2269 463
2269 1219
1601 1219
1601 1312
1601 143
1601 2674
1601 1445
1601 1148
1601 1970
1601 1288
1601 1540
1601 304
1601 427
1601 1499
1601 603
1601 1340
1014 1190
1014 151
1014 1448
1014 711
449 1403
449 811
449 1219
449 1366
449 1445
449 1602
449 1600
449 1818
2624 2542
2000 118
2000 1467
2000 760
2000 2180
2000 2126
2000 712
2542 1570
2542 1413
2542 1299
2542 427
2542 1403
2542 2481
2542 1017
2542 100
2542 1255
2542 2403
2542 103
2542 328
2542 741
2542 1937
194 2212
194 1845
194 1255
194 103
194 1602
194 1131
194 2566
194 24
194 2611
194 1335
194 1535
2040 1845
2040 1214
2040 1810
1898 1818
1898 1821
1499 2261
1499 2191
1499 118
1499 850
1499 270
1499 1970
1499 1659
1499 2425
1499 1444
1499 1727
1499 28
1499 1243
1270 1845
1270 1219
1270 1602
1878 1720
1878 1560
1878 1223
357 2757
2670 1413
2670 1299
2670 1427
2670 2559
2670 385
2670 1315
2670 631
2670 23
2670 2103
2670 630
2670 1403
2670 276
2670 1669
2670 811
2670 2461
2670 1845
2670 610
2670 1105
2670 838
2670 403
2670 1596
2670 868
2670 95
2670 143
2670 1507
2670 995
2670 1599
2670 1366
2670 2612
2670 1445
2670 1564
2670 1602
2670 2176
2670 1288
2670 2708
2670 536
2670 1457
2670 2297
2670 741
2670 1627
2670 1472
2316 692
2441 837
265 1648
265 463
265 811
265 118
265 767
265 1312
265 1445
265 1970
265 1931
265 1428
265 1223
265 2123
265 627
265 2415
1820 1105
1719 1219
1719 1556
1719 1602
1748 1224
1748 2188
1815 1570
1815 463
1815 251
1815 1467
1815 1845
1815 1602
1815 21
1727 1970
1727 534
2488 1467
521 121
521 1708
521 804
521 1482
521 1205
521 384
521 2054
521 275
521 2044
521 141
521 1225
521 254
521 151
521 21
521 590
521 1692
521 621
1186 2461
1186 100
1186 534
1186 1472
566 463
566 811
566 1069
566 414
566 251
566 1845
566 1219
566 2753
566 1366
566 248
566 151
566 894
566 137
566 711
566 723
566 1627
566 1070
118 1413
118 1299
118 2559
118 1315
118 463
118 2481
118 1625
118 908
118 630
118 1984
118 2442
118 2226
118 1024
118 1845
118 1401
118 1105
118 2055
118 2507
118 143
118 1599
118 2119
118 1773
118 1445
118 661
118 1720
118 2570
118 2264
118 1564
118 1970
118 328
118 2178
118 1602
118 2448
118 2566
118 1448
118 1158
118 1857
118 1603
118 1659
118 1540
118 1472
118 115
118 808
118 1117
118 1541
1676 1153
1676 720
1676 1986
1676 588
1910 1403
1910 463
1910 1219
1910 248
1910 1288
1910 1627
898 767
898 1699
898 2480
898 741
1509 1403
1509 811
708 463
708 661
708 103
214 1309
214 1459
214 251
214 2540
214 2769
214 2063
214 875
1476 1413
1476 1299
1476 1427
1476 385
1476 1190
1476 2588
1476 1366
1476 987
1476 1034
1476 1602
1476 711
557 1445
2348 1845
2348 1720
1771 1255
1771 1445
537 1366
537 151
537 711
537 1198
442 1403
442 1219
856 251
856 1845
856 1366
856 248
856 2141
1105 186
1105 2545
1105 415
1105 589
1105 70
1105 1366
1105 374
1105 727
1105 1988
1105 2036
1105 1659
1105 2677
1105 2574
1105 421
1105 1662
1105 2215
1105 859
1105 523
415 1714
415 1165
2728 1845
2728 282
2728 248
2728 2285
2728 2623
2728 100
2728 685
2010 1207
2010 189
2010 746
2010 76
904 414
904 920
2093 1467
2093 1219
198 151
703 60
1783 99
1783 2741
403 1161
869 2469
869 2530
869 1929
2373 2195
2373 894
2373 723
181 1069
181 282
1614 1403
546 2704
1753 222
1753 2103
1753 630
1753 811
1753 734
1753 1845
1753 1621
1753 868
1753 1507
1753 1599
1753 2035
1753 1366
1753 1445
1753 1299
1753 1564
1753 1936
1753 1972
1753 609
1753 2285
1753 2176
1753 2773
1753 1518
1753 2708
1753 711
1753 1
1753 1414
1753 1530
1753 385
1639 1467
2004 1190
2507 1729
2507 1413
2507 1299
2507 1427
2507 2461
2507 767
2507 251
2507 1467
2507 1845
2507 143
2507 1445
2507 103
2507 1602
2507 1448
2507 1457
2507 2574
2507 1472
2313 2063
2313 161
1684 1299
1684 1467
1684 1502
2044 1708
2044 463
2044 251
2044 1467
2044 1190
2044 275
2044 143
2044 1667
2044 141
2044 1366
2044 964
2044 1720
2044 1602
2044 1288
2044 590
2044 1193
2044 1627
2044 1692
2044 2310
2044 787
526 236
1067 124
1118 2023
1118 1599
1118 2528
1118 1625
1118 971
1118 1716
1118 22
1118 299
1118 440
1118 842
1118 2264
1118 2644
1118 2692
1118 2063
1118 2448
1118 2773
1118 894
1118 1540
1118 1253
1118 771
2205 1570
2205 1361
2205 385
2205 1403
2205 1219
593 1602
593 1600
593 1448
742 2540
742 2710
742 1366
742 661
742 103
742 2069
742 2063
742 2574
742 421
2404 1467
2404 1845
2404 1255
2404 294
2404 270
2404 328
2404 2566
2564 1403
2564 1219
1637 1413
1637 2407
1637 1467
1637 1845
1637 1366
1637 2570
1637 103
1637 1602
1637 1193
661 1366
661 2436
661 1036
661 1420
661 117
661 1813
661 2178
661 711
661 455
661 2211
1813 1366
1813 1602
93 1729
93 1299
93 767
93 1845
93 1219
93 248
93 328
93 1602
93 1600
93 1193
2722 1570
2722 1403
2722 1467
2722 1219
2722 1602
2722 1875
2722 1193
1970 1556
1970 1148
1970 1988
1970 2312
1970 70
1970 115
1807 2030
1807 103
1807 2579
1807 1540
2224 1720
2224 2319
2224 1687
1320 1570
1320 1427
1320 463
1320 1606
1320 1069
1320 251
1320 1467
1320 1845
1320 1699
1320 1793
1320 2667
1320 1366
1320 248
1320 103
1320 151
1320 174
1320 711
1320 536
1320 1070
1756 1445
1756 103
1756 1229
1756 1317
1756 1131
1756 2574
1756 2211
2108 1403
2108 1482
2108 1845
2108 1219
2108 1457
2108 1818
2585 1219
24 1467
24 2119
24 103
24 2178
24 2566
24 242
218 1570
218 1219
218 133
218 1227
218 544
2712 1413
1158 2457
58 1403
58 767
58 2438
58 1556
58 1600
58 2697
58 1478
58 861
58 386
58 2629
58 523
2338 1729
2338 154
2338 1403
2338 1219
236 1366
236 1223
1489 1729
1489 1366
1489 103
1489 2069
1540 1467
1540 1779
1540 1598
1540 2126
1540 1419
1540 2251
1540 1012
1540 1617
1540 570
1540 1171
2473 1219
2473 320
2473 764
1177 1391
1177 1404
1177 711
1177 145
81 2425
2677 1570
2677 1403
2677 463
2677 251
2677 1467
2677 1845
2677 1366
2677 248
2677 103
2677 2069
2677 1602
2677 711
2677 2710
1193 2438
1193 143
1193 2648
1193 1988
1193 2566
1193 386
1193 1909
1193 859
421 2212
421 1332
421 1366
421 2571
421 1214
421 2195
421 894
421 723
421 2574
421 1914
421 726
421 1198
421 89
2077 811
2077 2461
2077 251
2077 1845
2077 1255
2077 1600
2077 1472
2077 1
2077 1414
2077 454
2077 600
2381 1255
2381 1720
2381 1457
2381 938
2700 1830
2700 2275
2215 1007
2215 1366
2215 103
2215 1602
1802 1818
859 251
859 1467
847 1219
847 2254
847 1366
847 1224
847 1148
847 103
2212 294
2212 1644
2212 1069
2212 1298
2212 918
2212 935
2212 1366
2212 103
2212 2657
2212 2707
2212 711
2212 1070
2212 385
523 1403
523 767
523 251
523 1467
523 143
523 248
523 1720
523 2707
523 536
523 627
523 1203
264 1427
264 811
264 1467
264 1845
264 2060
264 1818
2038 1729
2038 1570
2038 1403
2038 251
2038 1366
2038 2069
2038 1602
2038 31
2038 1973
1403 1729
1403 553
1403 2691
1403 192
1403 2672
1403 397
1403 1453
1403 2490
1403 1036
1403 1282
1403 1176
1403 1329
1403 1220
1403 914
1403 396
1403 895
1403 2150
1403 1492
1403 1169
1403 1024
1403 1893
1403 2438
1403 1592
1403 738
1403 2096
1403 1217
1403 2053
1403 1151
1403 1236
1403 1387
1403 656
1403 1735
1403 2754
1403 679
1403 2528
1403 1262
1403 97
1403 1358
1403 176
1403 1486
1403 977
1403 270
1403 1988
1403 277
1403 2287
1403 2299
1403 2578
1403 2673
1403 1571
1403 482
1403 406
1403 2445
1403 2007
1403 338
1403 2166
1403 1819
463 2691
463 1765
463 1439
463 276
463 396
463 2136
463 1785
463 1845
463 2438
463 1556
463 1152
463 1200
463 2673
463 2658
463 33
1219 895
1219 738
1219 2414
1219 1347
1219 677
1219 2672
1219 2185
1219 1423
1219 397
1219 1453
1219 2490
1219 1636
1219 2682
1219 1329
1219 2121
1219 2369
1219 290
1219 61
1219 2689
1219 2568
1219 893
1219 1024
1219 707
1219 2111
1219 2512
1219 1191
1219 1893
1219 1666
1219 1065
1219 1592
1219 1916
1219 1786
1219 1217
1219 1183
1219 2053
1219 163
1219 1933
1219 2332
1219 899
1219 2301
1219 391
1219 259
1219 1550
1219 2117
1219 437
1219 2183
1219 199
1219 1140
1219 1551
1219 1290
1219 539
1219 1556
1219 2151
1219 2417
1219 2528
1219 2097
1219 1027
1219 2279
1219 839
1219 1486
1219 270
1219 1988
1219 277
1219 1945
1219 2578
1219 2637
1219 974
1219 406
1219 1444
1219 2007
1219 2367
1219 1334
1219 2683
1219 2166
1219 1063
1219 1819
248 274
248 186
248 397
248 1453
248 2072
248 2402
248 2680
248 2574
248 2611
1288 1845
1288 2438
1288 2157
1627 2540
1627 2509
1627 1421
1466 2034
2034 999
2034 2351
2034 2550
2034 774
2034 2173
1573 1767
1573 88
1573 252
1573 2478
1767 1797
252 1309
252 2554
252 751
2478 820
2478 167
2478 665
2478 1841
2478 2105
2478 1816
2478 1804
2478 514
2478 156
2478 1726
2478 2755
2478 2551
2478 355
2478 40
2478 2494
2478 1319
2478 574
2478 2020
2478 1459
2478 2022
693 2724
693 1840
693 1323
693 1445
2724 1858
2724 1547
2724 1863
2724 2133
2724 1398
2724 1156
2724 107
2724 1364
2724 751
2724 1901
2724 1376
2724 1021
2724 2463
2724 1942
2724 2278
2724 443
2724 705
2724 1359
2724 2713
2724 48
2724 1723
2724 792
1840 1843
1840 1936
1323 2606
1445 2691
1445 2438
1445 1556
1445 2403
1445 1779
1445 2241
1445 1786
1445 1781
1445 640
1445 1894
1445 954
1445 1939
1445 443
1445 1148
1445 1131
1445 1751
1843 1132
1843 1603
1843 1659
1843 1374
1936 36
1936 1452
1936 544
1936 1728
370 1700
370 308
370 1992
1700 1009
1700 642
308 1474
308 609
308 2603
308 1962
308 1408
308 2630
308 210
308 2268
308 1070
1992 1969
1992 1474
1992 1007
1992 418
1992 1352
1992 525
1992 2125
1992 2275
222 1567
222 381
222 2202
222 2691
2202 1959
2691 2559
2691 23
2691 971
2691 2103
2691 2459
2691 2461
2691 1845
2691 610
2691 1533
2691 200
2691 842
2691 1599
2691 1686
2691 1366
2691 2570
2691 1564
2691 2176
2691 2773
2691 1518
2691 2087
2691 2708
2691 243
2691 2297
2691 1117
2691 385
2103 1161
2103 860
2103 1538
630 2637
630 575
630 1598
811 2672
811 937
811 1159
811 1598
811 1035
811 1718
811 396
811 1885
811 1624
811 638
811 1377
811 1563
811 1206
811 465
811 77
811 2477
811 1795
811 286
811 510
811 762
811 1012
811 1209
811 1104
811 1839
811 2608
811 2386
811 1252
811 2092
811 1556
811 405
811 57
811 2458
811 2142
811 1504
811 690
811 158
811 2345
811 2355
811 1404
811 230
811 2673
811 2229
811 782
811 468
811 1811
811 32
811 1937
811 1268
811 2611
811 1989
811 350
734 2637
1845 553
1845 1765
1845 1161
1845 767
1845 186
1845 2414
1845 1654
1845 1694
1845 1103
1845 397
1845 1520
1845 2598
1845 2385
1845 929
1845 1733
1845 804
1845 584
1845 491
1845 1421
1845 1061
1845 1624
1845 249
1845 893
1845 362
1845 2438
1845 1516
1845 2727
1845 738
1845 1786
1845 1478
1845 1172
1845 572
1845 915
1845 1569
1845 2600
1845 1081
1845 1710
1845 2370
1845 2703
1845 2589
1845 1934
1845 2412
1845 1951
1845 1246
1845 2095
1845 725
1845 1524
1845 1152
1845 2116
1845 1235
1845 1602
1845 2747
1845 2020
1845 1945
1845 2176
1845 1281
1845 2019
1845 455
1845 1811
1845 1562
1845 1814
1845 1444
1845 1245
868 1921
868 2092
1507 17
1507 29
1507 1665
1507 1546
1507 2490
1507 2682
1507 907
1507 2164
1507 2420
1507 2150
1507 1164
1507 622
1507 638
1507 1311
1507 1678
1507 388
1507 301
1507 2678
1507 284
1507 1550
1507 2619
1507 1004
1507 879
1507 1052
1507 1768
1507 1497
1507 1285
1507 345
1507 2486
1507 1609
1507 404
1507 1127
1507 2325
1507 328
1507 2287
1507 2673
1507 2637
1507 2676
1599 1161
1599 2529
1599 1713
1599 470
1599 1598
1599 637
1599 475
1599 1326
1599 1360
1599 600
1599 1884
1599 2352
1599 1221
1599 187
1599 321
1599 1391
1599 2637
1599 720
1599 285
1599 2582
1599 2675
2035 585
2035 279
1366 186
1366 2648
1366 2540
1366 414
1366 2420
1366 2537
1366 2484
1366 2251
1366 2241
1366 2698
1366 2530
1366 452
1366 2541
1366 378
1366 2115
1366 2119
1366 254
1366 2609
1366 2436
1366 103
1366 2178
1366 2069
1366 2532
1366 208
1366 455
1366 33
1366 760
1299 1520
1299 2537
1299 2635
1299 1657
1299 186
1299 2449
1299 439
1299 2650
1299 838
1299 2667
1299 655
1299 1202
1299 965
1299 1430
1299 151
1299 1500
1299 1997
1299 1444
1564 767
1564 1520
1564 2593
1564 2637
1972 36
1972 2753
1972 1950
1972 1556
1972 2607
1972 320
1972 2039
1972 422
609 1471
609 1408
609 2630
609 2317
609 2340
609 719
609 2709
609 2268
609 1070
2285 2365
2285 1556
2285 1422
2285 1999
2285 2230
2176 1765
2176 767
2176 662
2176 1659
2773 2012
2773 2157
1518 2261
1518 2753
1518 2122
1518 807
1518 1311
1518 299
1518 1990
1518 629
1518 1477
2708 1937
711 186
711 2566
711 493
711 581
711 706
711 2537
711 610
711 139
711 386
711 1070
711 2631
1 2046
1 242
1 2271
1414 2278
1414 662
1414 1029
1414 1865
1530 767
1530 1331
385 575
385 1907
385 517
1921 2580
2580 683
673 411
673 20
673 247
673 736
411 621
411 1816
411 1893
20 736
20 2423
20 1266
20 2560
20 520
20 897
247 208
247 266
247 1913
247 2153
736 1266
736 2560
736 897
736 2209
1266 1407
1266 1752
1266 1399
2560 1439
2560 1145
2560 1893
2560 1399
897 1816
897 1145
897 1646
2209 1893
927 2615
927 1863
927 1087
1863 1858
1863 157
1863 1101
1863 1706
1863 1154
1863 1297
1863 2133
1863 1796
1087 366
342 718
342 1511
718 365
1943 205
1943 2234
1943 130
1943 729
1729 1946
1729 2672
1729 2046
1729 36
1729 2490
1729 1944
1729 2682
1729 1282
1729 1176
1729 1329
1729 1220
1729 914
1729 290
1729 895
1729 2150
1729 1164
1729 2537
1729 1061
1729 946
1729 1169
1729 1024
1729 529
1729 738
1729 110
1729 1749
1729 483
1729 1183
1729 1151
1729 1933
1729 2332
1729 2301
1729 2302
1729 17
1729 1550
1729 269
1729 2106
1729 2750
1729 1556
1729 1389
1729 97
1729 2517
1729 1224
1729 1570
1729 2469
1729 977
1729 270
1729 277
1729 552
1729 1200
1729 402
1729 553
1729 2534
1729 568
1729 2532
1729 406
1729 11
1729 2496
1729 2166
1946 1933
1946 2470
2672 1361
2672 1130
2046 2263
2046 995
2046 1556
2046 1857
2046 1973
2046 538
2046 2203
2046 2304
36 2263
36 2718
36 976
36 2557
36 751
36 508
36 1359
36 792
2490 553
2490 1214
2490 1688
2490 894
1944 1255
1944 328
1282 553
1282 2753
1282 95
1282 977
1282 1423
1282 1453
1282 575
1282 1176
1282 2750
1329 2662
914 95
914 328
914 2309
914 1522
290 328
895 1349
2150 1570
2537 1413
2537 1224
2537 103
2537 1448
2537 1117
1061 1069
1061 987
1169 574
529 95
529 605
738 779
738 2499
738 2396
738 1381
110 1224
1749 866
1749 2603
483 785
1933 1696
1933 2535
1933 2098
1933 2231
1933 891
1933 2274
1933 919
1933 642
1933 1658
1933 320
1933 1562
1933 1587
2332 1556
17 107
17 1255
17 427
17 2171
17 2239
17 884
17 705
17 328
17 468
1550 1858
1550 95
269 1255
269 328
269 1472
2106 825
1556 379
1556 568
1556 2263
1556 1467
1556 1255
1556 1558
1556 527
1556 2318
1556 347
1556 541
1556 1090
1556 2188
1556 215
1556 2723
1556 1066
1556 2510
1556 1941
1556 71
1556 64
1556 896
1556 2138
1556 1973
1556 263
1556 821
1556 2725
1556 872
1556 4
1556 2330
1556 2217
1556 1876
1556 2366
1556 658
1556 132
1556 1977
1556 1196
1556 2358
1556 911
1556 2137
1556 715
1556 1939
1556 2081
1556 2781
1556 91
1556 1927
1556 433
1556 38
1556 1222
1556 686
1556 698
1556 1741
1556 2639
1556 1416
1556 68
1556 724
1556 505
1556 1395
1556 991
1556 747
1556 2204
1556 1524
1556 921
1556 2482
1556 328
1556 1880
1556 2692
1556 780
1556 1688
1556 2229
1556 556
1556 335
1556 2579
1556 1487
1556 2078
1556 142
1556 2573
1556 1514
1556 2704
1556 2272
1556 1766
1556 242
1556 1871
1556 2640
1556 2271
97 1602
1224 644
1224 1255
1224 420
1224 585
1224 1074
1224 394
1224 2377
1224 1296
1224 1093
1224 1311
1224 1293
1224 1973
1224 615
1224 1859
1224 150
1224 1831
1224 2304
1224 1405
1224 270
1224 328
1224 1602
1224 1232
1224 1247
1224 237
1224 2574
1224 422
1570 1453
1570 1474
1570 1492
1570 2513
1570 2096
1570 319
1570 1255
1570 275
1570 2411
1570 1950
1570 2754
1570 977
1570 1051
1570 2023
1570 406
1570 33
2469 1201
2469 1915
2469 836
2469 1861
2469 2370
2469 482
2469 2036
2469 278
977 23
977 913
270 328
270 536
277 534
552 1361
552 1648
552 328
1200 2261
1200 1402
1200 419
1200 941
1200 2713
1200 701
402 2407
553 2191
553 1915
553 230
2534 1361
2534 2243
2534 620
568 366
568 1596
568 328
568 1029
568 2263
568 536
2532 838
2532 1112
406 1361
406 2528
406 1112
406 1875
406 26
406 387
2496 743
1453 1361
1453 2528
1474 2261
1474 2031
1474 2543
1474 1994
1474 864
1474 276
1474 1724
1474 1242
1474 984
1474 351
1474 594
1474 752
1474 979
1474 767
1474 2247
1474 353
1474 2591
1474 592
1474 524
1474 301
1474 743
1474 648
1474 489
1474 1549
1474 2400
1474 1007
1474 704
1474 203
1474 1149
1474 1052
1474 1506
1474 1138
1474 1864
1474 1769
1474 254
1474 428
1474 2013
1474 2649
1474 1751
1474 948
1474 1508
1474 1979
1474 2525
1474 1381
1474 1444
1474 1965
1474 2752
1474 717
1492 995
2513 2408
319 2733
1255 767
1255 1610
1255 1331
1255 699
1255 2049
1255 1046
1255 2515
1255 1675
1255 1805
1255 2386
1255 2641
1255 803
1255 328
1255 974
1255 237
1255 316
1255 422
275 1708
275 804
275 2315
275 1634
275 969
275 375
275 1002
275 21
275 544
2411 2031
2411 366
2411 420
2411 454
2411 625
2411 995
2411 1680
2411 1051
2411 2214
1950 358
1950 339
1950 831
1950 69
1950 1321
1950 103
1950 1448
1051 1015
1051 1971
1051 2533
1051 1431
1051 52
1051 54
1051 798
1051 1254
1051 888
1051 1553
1051 246
2023 2697
2023 1161
2023 767
2023 2577
2023 1198
2023 154
2023 2629
33 1602
33 114
1413 1598
1413 2251
1413 618
1413 1872
1413 2648
1413 505
1413 151
1413 2637
1413 1287
1598 995
1598 1720
1598 1448
1598 2297
1598 808
1598 2726
2251 2481
2251 375
2251 2069
2251 2629
618 1148
2648 1467
2648 200
505 1332
151 2119
151 750
151 2228
151 2780
151 1298
151 535
151 1660
151 1104
151 2276
151 1354
151 614
151 796
151 646
151 2683
2637 558
2637 2063
2637 174
2637 2087
2637 864
2637 61
2637 1422
2637 894
2637 1465
1836 1309
1836 1295
1836 125
1836 2191
1836 1408
1836 836
1836 999
1836 1033
1836 2139
1836 482
1836 1450
1836 138
1836 1346
244 1116
244 1967
244 2017
244 2267
244 245
244 98
244 1292
244 2662
1870 2714
1870 2495
1870 2391
1870 885
1143 1447
1143 2162
1143 621
1143 85
1080 272
1080 195
1080 1983
1080 592
1080 1365
1080 732
1080 145
1080 1948
1080 1286
1080 1600
1080 723
1080 162
2162 1447
2162 2554
2162 644
2162 2109
2162 99
2162 714
1350 2771
1350 2588
1350 994
1350 522
1350 2104
1350 2604
1350 604
1350 705
1350 407
1309 1765
1309 2191
1309 976
1309 2143
1309 2643
1309 272
1309 682
1309 195
1309 1181
1309 2365
1309 921
1309 2351
1309 2325
1309 1623
1309 1201
1309 418
1309 1459
1309 709
1309 1214
1309 1361
1309 534
1309 1891
1309 458
1309 42
1309 936
1309 2012
1309 2195
1309 482
1309 1949
1309 2709
1309 138
1309 723
1309 2662
1309 1070
1309 621
1491 1638
1491 2711
1491 2157
709 2261
709 1940
709 1417
709 987
709 1348
709 1352
709 585
709 297
709 682
709 2227
709 1574
709 2662
709 1245
709 1334
709 2310
709 621
1571 1459
1571 328
1571 2550
1571 1214
1571 534
1571 2289
1571 2141
1571 1003
1571 728
1571 730
1571 1070
1940 1459
1940 2191
1940 289
1940 2365
1940 1897
1940 400
1940 1348
1940 776
1940 621
862 2159
862 1324
862 492
862 1388
862 108
2554 92
2554 1761
2554 2771
2554 502
2554 1488
2554 85
2554 2655
2554 2130
2554 417
2554 976
2554 130
2554 1335
2554 836
2554 1383
2554 1142
2554 217
2554 376
2554 35
2554 1808
2554 695
2554 931
2554 2333
2554 2148
2554 99
2554 2351
2554 2325
2554 2661
2554 1481
2554 906
2554 534
2554 482
2554 717
1245 1447
1245 2261
1245 2191
1245 1172
1245 2015
1245 948
1245 2120
1245 85
1245 1441
1245 746
1245 2432
1245 1569
1245 1822
1520 1427
1520 282
1520 617
1520 2707
1520 779
1520 1465
1520 1607
1520 2734
1520 393
1520 2352
1657 1482
1657 670
1657 667
1657 1404
186 251
186 103
186 1602
186 2707
2449 1427
439 717
2650 2042
2650 1846
838 1423
838 1744
838 2331
838 1923
838 509
838 207
838 1989
838 1819
2667 2477
2667 1040
1430 2420
1430 1298
1430 1575
1430 86
1430 848
1430 1782
1500 1427
1500 328
1997 746
1444 187
1444 2264
1444 1623
1444 328
1444 2013
1444 714
1444 1782
1444 2588
1444 220
1444 2154
1444 1725
1444 990
1444 717
425 1371
425 1214
425 2195
1371 1457
1214 1332
1214 1319
1214 2482
1214 419
1214 2606
1214 804
1214 318
1214 1012
1214 340
1214 876
1214 1092
1214 2732
1214 837
1214 816
2195 1982
2195 2482
2195 418
2195 2686
2195 876
2195 303
2195 1419
2195 809
2195 2196
2195 2050
2195 710
2195 2732
2091 2114
2091 418
2091 1672
2091 2713
2091 714
2091 98
2091 2187
2091 145
2091 2167
2091 263
2091 2144
289 1447
289 92
289 776
289 1761
289 1295
289 1698
289 85
289 1335
289 836
289 1808
289 2576
289 358
289 2148
289 2351
289 2325
289 1481
289 906
289 2013
289 936
289 1283
289 2173
289 621
892 334
1516 1332
1516 1914
1516 1172
1516 133
1516 228
1645 272
475 876
475 714
475 883
1007 2261
1007 2407
1007 1712
1007 2365
1007 1962
1007 2076
1007 1816
1007 1745
1007 2421
1007 29
1007 2149
1007 1586
1007 254
1007 1402
1007 676
1007 2594
1007 948
1007 894
1007 392
1007 621
99 1447
99 2191
99 836
99 201
99 2557
99 2351
99 2464
99 534
99 730
99 235
99 779
99 2362
99 2309
2644 2171
418 1765
418 195
418 761
418 145
418 833
418 133
418 1600
418 1283
418 2275
418 1704
2686 2363
2686 833
2686 2025
2686 1584
2686 2709
134 1448
482 1459
482 2191
482 1730
482 850
482 657
482 2107
482 1439
482 1187
482 85
482 1450
482 1857
482 2662
482 278
723 1419
723 2732
723 816
1670 1346
285 1562
285 1171
285 1346
2011 769
2011 2643
2011 2558
2011 391
2011 2482
2643 2322
2643 480
2643 2191
2643 21
2643 2234
2643 2603
2643 2558
2558 1275
2558 46
2482 860
2482 894
2482 506
1765 558
1765 511
1765 893
1765 362
1765 1172
1765 1859
1765 2351
1765 1235
1765 1281
1765 2019
1765 1283
1765 2388
2191 1447
2191 1915
2191 2424
2191 2129
2191 1812
2191 1187
2191 1711
2191 85
2191 581
2191 804
2191 476
2191 1698
2191 976
2191 266
2191 2435
2191 1142
2191 1777
2191 2045
2191 1947
2191 2721
2191 22
2191 1745
2191 772
2191 2333
2191 471
2191 1722
2191 2351
2191 2464
2191 2325
2191 2571
2191 1623
2191 94
2191 2550
2191 42
2191 936
2191 714
2191 2607
2191 779
2191 2662
2191 1979
2191 506
976 2292
976 533
976 1858
976 1376
976 730
976 1450
976 138
976 2309
2143 1171
272 2239
272 262
272 2502
272 1460
272 2020
272 2157
682 1332
682 2365
682 2020
682 2662
682 621
682 2
195 1858
1181 85
2365 776
2365 695
2365 85
2365 322
2365 681
2365 1308
2365 987
2365 2351
2365 1348
2365 848
2351 1447
2351 2129
2351 1547
2351 1859
2351 2464
2351 2550
2351 730
2351 779
2351 1394
2351 2662
2351 2362
2351 621
2325 2767
2325 999
2325 1790
1623 2407
1623 2395
1623 1603
1623 741
1623 717
1201 1376
1201 1391
1459 85
1459 1304
1459 480
1459 1810
1459 836
1459 2616
1459 772
1459 695
1459 2409
1459 471
1459 1348
1459 1602
1459 42
1459 936
1459 730
1459 1367
1459 779
1459 1731
1459 2662
1459 2173
1361 595
1361 1296
1361 453
1361 95
1361 2703
1361 1501
1361 646
1361 2286
1361 1857
1361 2662
534 2261
534 37
534 2461
534 2753
534 1626
534 1260
534 1592
534 104
534 587
534 2575
534 1857
534 1472
534 1766
1891 1092
1891 1857
458 92
458 2544
42 1295
42 1722
42 313
42 1711
42 621
2012 767
2012 2152
2012 543
1949 1615
2709 2020
2709 752
2709 7
138 1391
138 2099
138 1267
138 2309
2662 358
2662 1402
2662 1010
2662 1857
2662 1731
2662 2321
2662 1711
2662 85
2662 1547
2662 592
2662 2401
2662 2526
1070 2755
1070 1600
1070 646
1070 1902
1070 139
1070 754
1070 1084
1070 2631
1070 1937
621 776
621 1376
621 987
621 367
621 1801
621 85
621 680
621 322
621 2139
621 202
1376 1167
1376 294
1376 2130
1376 1926
1376 2072
1376 2002
1376 206
1376 1899
1376 763
1376 340
1376 2769
1376 157
1376 1119
1376 1450
1376 1264
1376 1171
1376 1704
1391 1167
1391 2072
1391 114
1391 340
1391 459
1391 2033
1391 239
1391 1171
1391 1346
1447 480
1447 1824
1447 836
1447 806
1447 2464
1447 1188
1447 2020
1447 94
1447 797
1447 730
1447 759
1447 1728
480 85
1824 85
1824 1792
836 2130
836 1612
836 695
836 779
836 877
836 2173
836 2362
806 776
806 1328
2464 1187
2464 2655
2464 2435
2464 94
2464 1450
2464 779
1188 2470
2020 2107
2020 85
2020 476
2020 959
2020 2400
2020 2617
2020 262
2020 2336
2020 714
2020 2029
2020 278
797 774
730 2550
730 2655
730 2334
730 1450
759 85
1728 1010
1728 2222
2470 1010
2470 2476
2470 1562
2470 1346
2470 2107
2470 2535
2470 2098
2470 849
2470 1446
1427 387
1427 1690
1427 579
1427 2261
1427 1902
1427 1381
387 1448
387 2321
387 1050
2261 2296
2261 2414
2261 2735
2261 366
2261 1803
2261 2076
2261 47
2261 665
2261 1984
2261 1463
2261 1335
2261 2247
2261 524
2261 1155
2261 1172
2261 1714
2261 815
2261 2434
2261 1649
2261 312
2261 2583
2261 1791
2261 1600
2261 78
2261 2566
2261 379
2261 948
2261 1281
2261 2574
1902 143
1902 2566
1902 1448
1902 1538
1381 767
1381 2499
1381 2396
1606 2673
1606 1784
1606 2530
1606 2402
1069 2695
1069 733
1069 160
1069 1296
1069 2778
1069 2668
1069 591
1069 2374
1069 2616
1069 153
1069 2042
1069 646
1069 1925
1069 1603
1069 1659
1069 115
251 2167
251 763
251 386
1467 354
1467 2414
1467 2134
1467 1298
1467 1495
1467 1365
1467 1900
1467 1478
1467 135
1467 2156
1467 2569
1467 2657
1467 386
1699 226
1699 2417
1699 1991
1793 1490
1793 1131
103 1779
103 827
103 1311
103 878
103 2530
103 1710
103 1839
103 2437
103 257
103 2069
103 2574
103 1477
174 2474
174 1314
174 420
174 2244
174 337
174 1811
536 2254
536 646
536 2579
536 56
536 2154
536 2230
230 1650
820 167
820 2483
167 2506
167 616
167 332
665 1580
665 256
2105 2690
2105 668
2105 857
2105 2314
2105 2070
1816 2234
1804 1001
514 473
514 2314
156 1001
1726 364
1726 2603
1726 636
2755 1332
2755 84
2755 2474
2755 2573
2755 2120
355 2045
355 16
355 1319
355 1028
1319 668
1319 1656
1319 2127
1319 1025
1319 2505
1319 1078
1319 2265
1319 446
1319 1082
1319 2730
574 395
574 2759
574 213
574 1827
574 163
574 1111
574 2240
574 1930
574 1342
574 528
574 1494
574 1536
574 9
574 1280
574 1641
574 641
574 993
2022 78
85 1722
85 278
85 376
85 1440
1304 2550
1304 1059
1304 999
1810 714
1810 1283
2616 1741
772 2606
772 620
772 794
695 92
695 776
695 1698
695 1053
695 818
695 229
695 1481
695 2362
2409 1966
471 1267
471 694
471 1722
471 567
1348 776
1348 1897
1348 245
1602 2438
1602 1405
1602 795
1602 1988
1602 1610
1602 1984
1602 1074
1602 1856
1602 281
1602 1123
1602 899
1602 1853
1602 1248
1602 651
1602 539
1602 2151
1602 2563
1602 882
1602 890
1602 1274
1602 1672
1602 386
1602 2246
1367 1021
1367 2668
1367 300
1367 1925
1367 2694
779 2753
779 795
779 1450
779 1857
779 1187
779 2655
1731 2535
1731 1711
1731 2439
1731 2235
2173 358
2173 774
2173 2576
1296 1784
95 1312
95 294
95 427
95 1626
646 328
646 596
646 2008
646 845
646 2707
646 1875
646 2614
2286 1988
2286 328
1857 2119
1857 2436
1857 1931
1857 2733
1857 2057
1857 2607
1857 98
1857 242
620 169
620 848
620 2283
620 127
620 2083
620 1919
620 2405
620 1241
2697 2060
2697 1064
2697 1787
2697 1322
1161 1110
1161 1625
1161 1607
1161 2154
1161 1558
1161 358
767 397
767 564
767 498
767 1093
767 2438
767 571
767 2753
767 143
767 2572
767 608
767 1405
767 1791
767 1720
767 328
767 1029
767 2157
767 1603
767 1659
767 2452
767 115
767 242
2577 143
2577 1883
1198 1117
1198 1017
154 2376
154 896
154 50
154 1387
154 1806
154 1269
154 144
154 1314
154 1008
154 1059
154 2629
2629 1064
2629 972
2629 543
2629 2460
2629 1787
2629 1263
896 1111
144 2680
144 827
144 1196
1314 2718
1314 358
1314 261
1314 1152
1314 1189
1059 2384
2296 2294
366 37
366 1633
366 989
366 573
366 1984
366 152
366 1900
366 22
366 1184
366 1262
366 2661
366 1029
366 367
366 1508
366 602
366 1264
1803 1669
2076 2594
2076 1281
2076 2553
2076 1642
47 1312
47 1911
1984 1791
1984 1650
1984 1171
1463 367
1463 948
1463 1981
1463 852
1463 799
1335 133
1335 948
1335 866
1335 3
2247 1029
2247 762
524 2031
524 2543
524 1482
524 21
524 235
524 1465
524 581
524 383
524 1149
524 1258
1155 2583
1155 948
1155 1385
1172 362
1172 2663
1172 2015
1172 2658
1172 1811
2434 432
1649 531
1791 1741
1791 647
1791 2398
1791 1508
1791 765
1791 2553
1791 2246
1600 2263
1600 294
1600 1971
1600 56
1600 1182
1600 1853
78 2461
78 2130
78 491
78 2516
78 35
78 931
78 1189
78 2268
78 1394
2566 1021
2566 2042
2566 1912
2566 1298
2566 2392
2566 1454
2566 2707
379 866
379 1232
948 1579
948 432
948 2760
948 1281
948 2553
1281 362
1281 2658
2574 2442
2574 644
2574 1730
2574 254
2574 987
2574 2069
2574 1457
2574 382
2574 2636
2574 2710
2574 1442
2574 805
2574 1818
866 48
866 1723
866 2294
866 204
866 1187
866 1074
1232 328
1232 87
1596 2753
1596 1931
328 147
328 2102
328 2741
328 638
328 1592
328 768
328 684
328 899
328 284
328 200
328 298
328 2151
328 2578
328 974
328 320
328 237
328 598
328 316
328 2452
328 422
328 1819
1029 2528
1029 2394
1029 1720
1029 631
1029 1179
1029 2428
1029 2444
1029 1044
1029 115
1029 1818
2263 1260
2263 795
1260 741
1260 631
1260 1973
795 644
795 1405
795 2015
795 12
795 2294
795 420
795 1694
795 498
795 573
795 2377
795 1973
795 1781
795 615
795 1859
795 1635
795 2189
795 1996
795 2454
795 468
795 1247
795 1525
795 1597
92 1187
92 2740
92 1011
92 358
92 1671
92 906
92 2292
1187 2436
1187 423
1011 2384
1011 358
358 1761
358 783
358 2075
358 2281
358 2613
358 2576
358 1005
358 229
358 1481
358 1904
358 2550
2197 1736
776 644
776 2636
644 2289
644 2457
2636 2289
2636 1879
334 2213
334 1785
334 2017
334 995
334 451
334 2567
334 246
2017 2543
2017 2015
995 2288
995 1074
995 1377
995 1839
995 741
995 338
451 1276
817 1023
817 558
817 819
817 2663
817 2253
817 1811
1023 1015
1023 2602
558 511
558 1302
558 377
558 1332
558 1688
558 2120
819 1332
819 2120
819 717
819 377
2663 544
2253 1096
2253 2475
2253 611
2253 1759
2253 737
1811 1332
1811 1302
1811 2120
1096 2319
1096 1724
1096 1294
1096 748
1096 2652
1096 2021
2475 1625
1759 997
737 1769
1216 732
1216 1226
732 1332
732 2746
732 717
732 2541
1226 532
1226 476
1226 55
1226 1332
1226 626
1226 28
1226 1769
532 45
532 2111
476 1958
55 399
55 1294
1332 1914
1332 2736
1332 761
1332 581
1332 1652
1332 1009
1332 488
1332 1775
1332 87
1332 688
28 1171
28 101
1769 2319
1769 506
1346 1524
1346 1935
1346 436
1346 1429
1346 1374
1738 957
1738 2666
1738 2447
957 2447
957 2666
2666 2447
2447 1741
1741 1339
1741 1862
1741 1734
1741 1976
1741 1852
1741 1384
1741 2358
1741 361
1741 2041
1741 2394
1741 1353
1741 647
1741 791
1741 2246
1741 874
1969 525
1969 740
1969 1343
1352 2771
1352 1848
2125 1482
2125 1149
2275 1257
2275 364
1490 881
1490 21
1490 1837
1490 1253
881 2042
881 21
21 121
21 2777
21 1708
21 2763
21 2264
21 2013
21 2084
21 2739
21 2295
21 383
21 1257
21 2626
21 589
21 903
21 1956
21 1258
21 1922
21 1363
21 1527
21 235
21 2297
21 1565
21 368
1837 2588
1837 301
1837 1139
1837 1426
1837 368
1837 490
1253 2407
1253 373
1253 789
1253 2062
1253 1303
2588 2033
2588 2013
2588 688
2588 2130
2588 675
2588 384
2588 910
2588 1037
2588 361
2588 2009
2588 1126
2588 735
2588 1415
301 2013
1426 2634
368 1888
368 1433
368 2739
368 448
490 964
490 2310
490 787
1648 1611
1648 1351
1648 1000
1648 282
1648 2769
1648 369
1648 1372
282 2763
282 1223
282 352
282 1359
282 115
2769 2607
2769 2309
968 633
968 2431
968 1610
968 2764
968 864
968 2177
968 2123
968 739
968 702
384 2250
461 1132
461 1634
2590 1215
2590 2029
237 304
237 2174
237 2504
2736 2538
2736 727
2736 1265
2026 2114
2459 1557
2459 1421
2559 1937
1937 31
1937 1066
2461 397
2461 1988
2461 1472
2461 1766
610 1331
1533 343
1533 2625
2570 1689
2570 1085
2570 2653
2570 871
2570 974
2087 947
243 84
243 720
243 2514
2297 121
2297 386
2297 2180
2297 538
1117 1168
1761 1971
1761 1547
1761 939
1761 336
1761 857
1761 1715
1761 1015
1761 1028
1761 382
1971 2361
1971 671
1971 1324
1547 1858
1547 245
1547 382
1547 1471
1547 1114
939 1948
336 857
336 813
336 2669
857 2605
857 288
857 1002
857 2324
857 1028
1715 668
1028 668
1028 850
1028 1656
1028 2505
1028 1324
1028 1337
1028 697
1028 360
1028 2314
1028 841
1028 1141
382 701
2771 1394
2771 2129
502 101
1488 109
1488 692
1488 1758
2655 2550
2655 2435
2130 2410
2130 201
2130 1796
2130 563
2130 14
417 2334
417 999
130 2127
130 999
1383 362
217 2124
35 987
35 675
931 675
2333 1450
2333 2309
2148 1292
2661 2746
1481 999
1481 179
717 2763
717 2033
717 2013
717 2418
717 894
717 688
717 1289
717 672
717 984
717 764
717 1705
717 716
717 2160
2031 125
2031 1272
2031 472
2031 1093
2031 2006
2031 961
2031 1020
2031 1417
2031 786
2031 2763
2031 2015
2031 958
2031 1709
2031 1289
125 1021
125 142
125 1685
125 2184
1272 309
1272 1084
1272 197
1272 2074
1272 2493
1272 140
472 1020
472 1417
472 2216
472 2439
1093 1062
1093 2198
1020 2516
1417 1777
1417 1874
1417 1257
1417 2037
1417 623
1417 235
2763 1482
2763 1100
2763 428
2763 1385
2763 408
2015 2589
2015 2701
2015 893
2015 1569
2015 1859
2015 2539
2015 1235
2015 2019
1709 700
1289 2175
1289 1477
1289 2599
121 2123
121 460
121 2777
2123 633
2123 1610
2123 2764
2123 864
2123 940
2123 2177
2543 2396
2543 307
2396 2499
2396 752
294 2309
1298 2264
1298 2178
1298 142
2657 627
2707 393
2707 2352
2707 688
2407 274
2407 420
2407 2236
2407 2723
2407 1862
2407 1455
2407 2028
2407 2581
2407 2371
2407 219
2407 1378
2407 2117
2407 955
2407 147
2407 1344
2407 135
2407 2071
2407 998
2407 2242
2407 268
2407 624
2407 1920
2407 120
2407 647
2407 367
2407 235
2407 1782
2407 1613
2407 2631
2407 2752
274 2645
274 704
420 2747
420 2594
420 2214
420 2465
420 2401
420 479
420 1957
420 82
420 986
420 268
2236 1021
2236 2394
1862 2394
219 1036
219 1356
147 1021
135 1265
135 1647
135 170
135 2545
135 1842
135 2752
2242 1021
268 1834
235 676
235 1129
235 2389
235 362
235 743
235 873
235 25
1782 591
1782 1575
1782 826
1782 2383
1613 1021
2631 1801
2752 2237
2752 727
2752 947
2645 1016
2645 669
2645 1873
2645 1859
2645 1968
399 761
399 445
399 1402
399 392
761 179
761 64
761 445
761 119
761 2511
392 1159
392 2727
1712 2455
1712 75
1712 2571
1712 2140
982 133
982 628
1295 31
1295 1450
999 533
1033 2056
2139 180
1450 2186
1450 73
1450 533
1450 959
1450 2270
1450 2343
31 967
31 880
31 2094
31 333
31 712
427 1103
427 1666
427 2774
2481 1853
100 2489
100 884
100 2128
2403 1166
2403 2562
2403 1884
2403 1541
741 1720
741 1988
741 1608
741 386
741 397
741 752
741 980
741 457
741 316
1038 1995
1038 1185
1038 1483
1995 75
1995 1842
1995 2237
1995 395
1995 916
1995 947
1185 2018
1185 770
1185 1483
1185 1844
1483 1072
75 916
75 2140
75 669
1842 722
1842 250
1842 2237
1842 727
1842 947
1842 2368
2237 722
2237 250
2237 170
2237 2545
2237 2467
2237 605
2237 727
2237 395
2237 916
2237 947
395 2278
395 1133
395 1267
395 2547
395 916
395 947
916 2538
947 727
947 2571
947 722
947 1265
947 250
947 170
947 2545
947 1576
947 2047
1625 1555
1625 2448
1625 845
1625 1713
1625 1290
1625 2051
6 1010
6 2704
6 928
6 2413
1908 506
2319 2421
2319 1835
2319 506
2704 2413
771 467
771 2675
1153 2210
37 1248
1248 424
1633 2039
573 1021
22 1534
22 1978
22 1620
1508 1479
1264 792
2718 1166
2718 2713
2557 1404
508 2782
508 1593
508 1404
1359 792
792 157
1166 973
1166 501
1166 1828
1166 413
2713 2002
2713 1119
1967 1325
245 2043
245 1668
98 356
98 2057
98 311
98 592
98 2061
1292 2384
1292 1083
1292 2504
1708 672
1708 2064
1708 2701
1708 2054
1708 787
2064 1770
2054 804
2054 670
787 1190
787 964
787 1801
787 386
787 1334
787 2310
787 2307
787 1667
787 2762
1770 12
1315 159
1315 1939
1315 1404
1939 721
1939 1710
1404 2474
1404 2165
1404 390
1404 64
1404 1740
1404 139
1404 348
1404 548
1404 1252
1404 800
631 1179
631 2199
631 2428
631 255
276 2674
276 1996
1669 1021
1669 2757
143 372
143 2651
143 1988
143 1608
143 1603
143 1659
143 386
2612 1788
2612 2354
2612 662
1457 585
1457 2057
1457 2335
1457 238
1457 1150
1457 1993
1457 991
1457 2364
1472 2753
1472 136
1472 1766
1036 519
396 2394
396 1252
2438 1279
2438 25
656 279
1735 1688
2528 2578
2528 2445
1988 617
1988 2764
1988 2445
1988 115
2299 512
2299 2217
2299 1750
2299 1886
2673 426
2445 26
338 662
1302 2571
1302 377
1688 1780
1688 933
1688 2433
2120 581
2120 650
2120 688
2120 544
893 362
362 2658
1859 622
2019 2772
1283 1524
1283 882
1283 890
1283 984
1283 364
2388 1047
2327 2586
2327 1231
2327 617
1640 1339
1640 1510
1640 1406
1640 1730
114 1237
1510 1384
1021 1339
1021 26
1021 1694
1021 2262
1021 777
1021 1557
1021 2689
1021 2284
1021 522
1021 412
1021 499
1021 1398
1021 1128
1021 1717
1021 612
1021 1306
1021 438
1021 559
1021 1864
1021 2720
1021 1228
1021 788
1021 2595
1021 2398
1021 1132
1021 2131
1021 41
1021 1433
1021 598
1021 1077
1021 2256
1021 2367
1021 296
2394 1339
2394 424
2394 1973
2394 1852
2394 867
2394 652
2394 225
2453 917
1584 2571
113 1994
2586 804
1231 1470
1812 1057
1812 1848
581 544
581 283
581 933
804 1016
266 1473
1777 1919
1745 1658
1745 348
2571 1120
2571 2266
2571 2593
2571 990
2571 2363
2571 917
2571 2349
2571 1341
2571 2549
2571 80
2571 2350
2571 373
2571 2013
2550 2362
714 592
1979 1034
864 1955
864 633
864 1610
864 2764
864 2177
864 2521
864 2684
864 2515
864 1271
864 462
864 314
864 1134
1724 2175
1724 694
984 1480
984 903
351 2694
351 733
594 691
752 2499
752 1310
979 1034
979 760
979 1480
353 2591
2591 1482
592 178
592 1043
592 496
489 1091
2400 2274
1149 1482
1149 676
1052 924
1506 238
1864 2516
1864 1204
1864 2024
1864 495
1864 1528
254 599
254 596
254 2282
254 2623
254 2360
428 619
428 305
428 2025
2649 670
2649 925
2649 1747
1751 1190
1751 2540
1751 1664
2525 628
1965 727
1965 2772
1965 2579
668 2472
668 2730
2730 1904
2730 1656
2730 492
2730 360
2730 841
2730 1141
2730 1918
2730 2223
2730 2676
1339 1025
1339 1406
1339 2265
1339 1124
1025 1589
1406 2265
1406 960
2265 1124
1124 1384
1730 919
1730 834
2758 2642
2758 2524
2642 311
2642 8
2642 2524
2642 2781
2642 1892
2642 2146
2524 2781
533 1858
1858 1964
1858 2685
1858 2249
1858 2527
2309 1167
2309 1901
2309 1119
2309 2582
2309 1704
2309 2072
2309 1259
2309 1899
2309 1267
2309 503
2309 1388
2309 459
2309 2430
1439 1365
1439 87
1439 1146
1439 2535
1439 2768
1439 1581
2136 577
2136 801
2136 1009
2658 584
1159 2074
1035 975
1718 678
1795 102
2386 437
1252 1964
1252 302
57 1612
57 423
57 1775
782 1410
468 988
468 454
32 2368
2455 1552
2455 1651
2455 90
2455 727
2140 1780
2239 578
2239 985
262 18
2157 555
2157 2254
2157 945
2157 146
2157 1192
2298 988
988 1983
988 2516
988 615
988 2024
988 1438
988 1261
2516 454
2024 454
2024 2632
1438 915
1482 670
1482 1465
1205 1190
141 2307
141 964
141 2310
590 2310
1692 964
1692 2307
1692 2089
1692 1334
1692 2310
2695 1659
2695 10
2695 2323
2695 1386
2695 925
2695 1425
591 2152
591 696
591 2536
591 380
2042 586
2042 2238
2042 183
2042 431
2042 2048
1925 2323
1925 2154
1603 1720
1603 2548
1603 925
1603 1397
1603 1212
1603 763
1603 2415
1659 2548
1659 1218
1659 925
1659 1392
1659 10
115 871
115 1909
115 2102
115 2233
115 2741
115 2467
414 375
414 1148
414 1541
414 2179
414 149
414 627
414 1568
2753 2321
2753 1786
2753 2119
2753 242
894 1062
894 1784
894 2492
894 1889
894 858
894 641
2226 412
1401 635
1401 49
1401 1674
2119 1256
1720 662
1720 871
1720 2036
2264 560
2178 932
2178 2128
2178 271
2448 1778
2448 1713
2448 845
2448 2675
1448 1034
808 2680
1541 2749
1541 2436
1541 1555
1541 1828
1541 1523
1541 1042
1541 1829
1541 1884
1541 330
1541 2067
1541 1373
1607 1716
2154 1362
1558 601
1558 2503
670 973
670 925
1465 15
1465 975
1465 1431
1465 1678
667 2127
564 810
242 2039
2480 41
2480 878
877 1911
2167 145
763 1919
386 2307
1365 835
1365 2341
1365 2714
1478 1787
1651 90
1651 2082
1651 76
90 27
727 722
727 1647
727 1849
727 952
727 2717
727 2181
727 1695
1190 1641
1190 1249
1190 2310
1249 1487
1249 1760
2310 1334
2310 1667
987 2192
987 1610
987 601
987 865
987 291
987 951
987 2368
1964 64
1964 139
1964 348
2685 2208
2685 1775
2249 157
2527 157
1694 1881
1103 1666
1103 1963
929 161
249 1189
249 2082
249 561
915 1385
1710 2278
2370 2589
2589 1456
2589 2270
1934 2225
2412 1407
1524 2601
1524 1435
1524 488
1524 1680
1524 2005
2116 756
2116 193
2747 1108
2747 677
2747 1886
1562 2556
25 2746
25 2553
25 606
25 329
1914 133
1652 1631
1009 2234
488 83
87 2674
87 1056
87 925
87 2450
87 992
87 2352
87 973
133 2238
133 228
133 1904
133 2187
133 1047
228 1515
145 2025
145 364
1948 887
1948 2258
1948 578
1948 919
1948 1868
835 919
835 1250
835 945
835 2231
2341 2535
2714 1250
2714 1653
677 1369
1423 2318
61 1039
2111 2489
2111 1953
1666 1963
899 2579
437 2069
437 775
2183 1539
2151 515
2097 805
1334 2307
84 1828
84 435
84 287
1828 1221
1828 187
1828 1555
1828 2533
1828 1218
1828 1523
1828 413
435 123
287 1221
287 187
287 1986
287 349
287 393
123 1068
578 2495
578 2311
919 2169
919 2495
1868 2495
622 1528
622 495
1148 2530
2579 1074
1919 2606
1919 794
2152 653
2152 1861
696 1861
380 1861
544 1227
544 731
2545 2609
2419 871
2133 1398
2133 492
2133 1364
107 142
1901 1167
1901 1926
1901 2072
1901 561
1901 1119
1901 2582
2278 2618
2278 1974
705 1394
48 1826
48 2519
48 1723
1723 1826
1723 2519
142 26
1579 83
2535 2556
2098 2556
2098 2397
2231 2147
2231 2647
2231 689
2231 288
2231 2219
2231 2118
891 1832
1658 2311
1658 1163
1658 2556
320 2311
1587 2671
1587 18
1587 2681
1587 1013
2605 2505
288 945
15 760
760 1473
2457 1333
2321 949
818 1047
848 2606
848 794
848 2357
848 2090
2331 2163
60 634
60 922
634 1132
430 1561
430 967
1962 2603
2594 1642
2594 551
555 1926
555 1764
555 2254
555 1638
555 912
1926 375
1926 1146
1926 1239
1926 1362
1764 1146
1764 1239
2254 1638
2254 1146
912 1146
1146 2323
1146 2497
1146 1310
1146 1757
1146 1581
2359 2086
2359 2749
2359 1555
2749 706
2749 1218
1555 1056
1555 1133
1555 2450
1555 992
1312 1911
1312 1503
1503 628
1610 633
1610 2431
1610 2764
1610 2177
1610 1106
316 2405
316 2729
561 1189
561 1016
561 650
561 227
561 410
1119 2002
1119 2719
2582 1677
1456 757
2002 2719
157 2706
157 190
157 576
1704 364
1704 2430
26 2765
26 231
412 1313
1717 1006
612 2613
612 870
788 1048
2398 173
2398 920
1132 1794
1132 2692
2131 793
1433 1888
1433 2739
1608 1316
1311 2757
1265 2538
1265 1647
1265 799
170 250
722 250
2368 1462
1680 639
2214 2487
2214 1798
2214 122
2214 1370
2214 2399
1074 2779
783 588
2281 477
1005 902
1904 1515
339 2401
1321 2401
1321 2382
694 19
694 2110
694 990
1667 964
1667 2307
964 2307
964 1801
2307 1016
291 1058
1874 310
1874 2158
310 855
310 1257
1257 2776
623 1223
527 105
2318 65
2318 530
1066 1725
2510 1340
71 169
71 2393
1977 1772
2781 8
433 1869
1222 184
1880 2329
556 500
335 1663
1487 304
2078 1221
1871 2489
2165 721
2165 497
721 2079
2529 1485
470 2225
1884 1042
1884 2346
1884 116
1884 1583
1221 530
1221 876
187 1781
720 2514
2675 2059
2063 1566
2063 1223
2063 1818
1982 773
1982 2737
773 2737
423 2294
2674 1330
2674 1477
1330 112
1477 2069
1477 2599
1477 51
1477 2761
1384 479
1384 1396
424 2699
424 2170
1528 1889
1528 1650
1385 173
1385 74
1385 1673
1385 1089
1385 1961
1385 408
408 1961
408 2425
408 1890
1223 2540
1223 2436
1223 12
2540 450
2540 295
2540 2339
2540 2436
2540 2069
2436 926
2436 2069
2436 1131
2069 452
2698 2757
2609 1345
2609 1237
1256 1136
1256 2085
1256 2177
1256 67
1256 129
2739 448
2193 1137
2193 2259
197 191
197 2074
1157 1875
1565 1956
1565 448
1866 1663
409 2604
1189 227
1189 2596
1189 1655
1189 1199
1189 2498
1189 1338
1189 1451
1189 410
1189 1016
1189 2268
2623 2126
662 2233
662 2491
2601 83
2005 83
2005 1846
585 1048
585 1642
585 1102
585 279
585 1135
585 2375
1293 1776
1293 2621
774 1230
1894 2687
383 1493
102 221
1705 1016
1016 669
1016 155
1016 2659
201 1886
201 675
1801 2084
1801 2762
1959 663
1959 823
2618 2746
850 657
850 278
278 654
431 1882
813 1182
813 643
813 2669
2669 2505
2505 1703
2505 273
1394 2744
1931 1229
1931 2451
1574 1291
169 2606
169 855
169 794
169 2393
1861 1409
2104 407
619 920
619 2428
305 131
2025 1525
2767 2294
1790 1313
2593 2260
990 2175
990 1357
2363 2584
2349 13
80 13
373 318
318 833
1250 749
173 542
173 1590
542 920
542 2186
920 1313
597 2544
2544 1233
2544 1615
2544 1739
2544 1324
2533 2521
1643 1215
1215 129
1754 663
1754 607
663 1743
663 607
607 2418
607 1130
607 1762
607 1162
607 0
1875 2057
1875 96
504 341
1739 1693
12 1986
1986 2514
2294 2255
2294 1502
1656 2234
1656 812
2127 2043
2127 1425
2127 744
2127 2638
1356 889
1356 519
1356 2552
1356 2080
2764 633
2764 2431
2764 940
2764 2177
2764 1076
2312 1243
827 1896
878 1300
878 416
768 211
768 1336
2428 2622
2444 34
2444 2257
1818 209
1818 507
1575 2596
1133 2201
1133 664
239 2099
701 1799
360 812
360 1379
1056 2450
1056 992
1056 2426
1056 2456
2128 1368
833 364
2228 224
2606 2283
2606 127
2606 2083
2606 2405
2606 1436
2606 1241
127 794
2083 794
2405 794
1436 2393
1436 1796
1241 794
1471 2268
2317 2340
2340 2664
2268 2603
1856 1054
281 824
882 832
882 1397
882 2660
882 1026
1672 474
1026 172
1955 1632
2107 1411
959 2029
2617 1071
2336 1517
2336 829
2775 205
2775 966
205 2234
205 2043
205 616
205 332
205 1238
966 332
2234 744
2234 1412
2234 1683
2043 1789
332 729
1238 2290
1238 729
1238 1382
1740 1102
548 1987
548 1917
1380 2399
1380 2751
1566 466
1848 2506
1092 2671
837 1075
764 1980
845 2343
2706 1154
1650 928
1136 2085
587 2776
928 2306
928 963
1747 924
2614 1355
2614 175
933 484
2433 1568
2433 2766
1998 2126
1998 1681
2126 1707
2126 2245
1010 1325
1010 2159
2244 2748
337 2141
728 1073
2084 1469
1956 448
2311 849
2311 1446
2311 224
1163 2522
2556 1446
2556 2476
500 635
1903 2632
1663 1019
2610 1631
2323 942
2323 1386
432 886
7 441
441 1975
2561 1869
19 2748
2431 1278
2431 2177
2431 1031
2431 2716
2716 1031
2716 1307
945 2147
945 2647
945 689
945 2219
945 2118
146 2088
146 1192
2186 1847
73 2715
73 1847
2018 317
770 148
1072 531
2733 2326
2733 2774
861 1909
861 1054
311 8
1826 1318
793 2748
172 784
1888 448
448 481
2415 1273
2514 1987
2514 2620
1924 1368
227 1097
227 410
2596 155
2659 633
393 753
1631 1559
1631 1746
1559 2250
304 1760
304 2082
493 675
1355 175
1083 1213
1083 1702
2504 2175
2174 1776
1776 2621
2180 1865
2180 1906
2439 2768
341 2113
341 713
341 930
930 165
2155 956
2155 2032
2155 516
2155 2303
2155 2320
2155 2060
2060 1064
1064 1787
633 2177
633 2656
633 2145
633 2422
633 2770
2194 2248
789 1691
650 1097
650 260
650 2679
309 140
309 191
191 315
191 2485
191 944
191 401
191 486
191 758
83 775
1084 1978
1084 1147
1978 1114
1147 1869
934 628
628 306
2147 2506
2506 473
746 189
746 76
2489 220
2489 2652
2652 1425
2652 283
1278 940
1278 462
1031 940
1031 582
1031 39
1890 2300
1418 909
1418 1545
1418 331
2391 1531
1370 1960
1370 2161
2430 2743
349 2132
349 280
2599 953
1390 2443
2776 766
327 2382
327 1532
1787 1661
1473 76
1057 1526
1057 344
1057 1032
1057 447
1935 2379
1829 2346
1829 116
2067 1373
1310 1581
1757 2768
2743 1425
1869 1432
1869 981
1869 2390
2179 2702
1568 2731
744 671
588 2003
588 2471
675 1932
2765 1521
1521 2638
101 2135
2465 996
986 562
1932 1437
1340 1251
1313 484
1313 1763
1050 846
2199 1895
2199 810
2199 255
2199 1244
255 1210
109 2273
692 1194
2443 389
1847 2715
1560 1099
1560 1484
940 39
1443 1854
1854 2665
2684 1098
1529 1595
520 1399
799 632
671 2638
810 371
2757 1809
1809 1407
740 1877
1098 1543
1098 2221
1543 2221
1543 1496
1496 1928
2451 1954
1114 1318
211 1336
211 2466
211 2206
1336 2466
1336 2206
1407 434
1407 2153
2216 1091
1275 2531
1409 1180
1294 30
1493 2702
2638 2471
2702 1622
2702 2632
2702 645
2702 1800
2702 233
1981 852
1432 253
184 2218
823 569
823 106
889 1174
635 241
273 1838
828 2756
828 2280
828 2622
2756 2693
2622 2693
1953 1095
473 1629
2198 1850
164 1883
1883 363
363 853
2346 2252
2306 963
2665 1701
216 1291
189 76
1534 2654
2308 666
1732 2112
180 2628
416 111
1071 1208
1173 909
1772 2337
1772 1630
2479 902
2597 632
