2783 6007
0 1
0 2
0 3
0 4
0 5
0 6
0 7
0 8
0 9
0 10
0 11
0 12
0 13
0 14
0 15
0 16
0 17
0 18
0 19
0 20
0 21
0 22
0 23
0 24
0 25
0 26
0 27
0 28
0 29
0 30
0 31
0 32
0 33
0 34
0 35
0 36
0 37
0 38
0 39
0 40
0 41
0 42
0 43
0 44
0 45
1 389
1 56
1 488
1 1951
1 1989
2 389
3 34
3 1227
4 1094
4 812
4 856
4 857
4 1180
4 32
4 458
4 56
4 860
4 247
4 2476
4 600
4 1482
4 603
4 1763
5 37
5 1390
5 2227
5 836
6 31
6 122
6 456
6 770
6 617
6 57
6 462
6 775
6 80
6 769
7 389
7 963
7 917
8 796
8 672
8 418
8 501
8 2213
8 1827
8 276
8 2564
9 389
9 288
9 771
9 2143
9 1204
9 2047
9 2569
9 2570
10 11
12 462
12 853
13 797
13 201
13 1021
13 1509
13 1186
13 33
13 2166
13 236
13 1115
13 1279
13 1184
13 906
13 697
13 1510
13 1508
13 529
15 46
15 47
15 48
15 49
15 50
15 51
15 52
15 53
15 26
15 54
15 55
15 32
15 56
15 57
15 34
15 58
15 59
17 2496
19 175
19 371
19 43
19 2424
20 943
20 831
20 832
21 565
22 1318
22 667
22 2750
24 2141
25 2779
26 35
26 797
26 82
26 773
26 1654
26 1431
26 1655
26 1656
26 1657
26 837
26 1658
26 184
26 625
26 612
26 54
26 55
26 32
26 821
26 56
26 689
26 34
26 1659
26 1660
26 386
26 593
26 77
26 997
26 102
26 41
26 1661
26 696
28 325
28 328
29 445
29 796
29 797
29 158
29 773
29 1696
29 902
29 983
29 1697
29 1698
29 1699
29 1700
29 1701
29 1509
29 1702
29 39
29 1184
30 412
30 413
30 414
30 415
30 416
30 417
30 418
30 295
30 419
30 420
30 421
30 422
30 423
30 110
30 424
30 425
30 39
30 426
30 427
30 428
30 70
31 445
31 449
31 450
31 451
31 452
31 453
31 454
31 455
31 456
31 457
31 419
31 458
31 459
31 460
31 447
31 448
31 461
31 462
31 463
31 464
31 465
31 114
31 426
31 41
32 796
32 389
32 76
32 614
32 993
32 1832
32 798
32 1324
32 1833
32 1834
32 392
32 1835
32 50
32 56
32 620
32 80
32 102
32 499
33 389
33 1373
33 1007
33 997
33 103
34 997
35 81
35 82
35 83
35 84
35 77
35 43
36 650
36 1651
36 530
36 441
36 1143
36 1602
36 788
36 1634
37 521
37 83
38 46
38 836
38 2277
38 1027
39 445
39 158
39 1181
39 822
39 827
39 983
39 1625
39 2282
39 2283
39 1028
39 762
40 389
40 810
40 509
40 798
40 2294
40 645
40 2295
40 1822
40 2296
40 2297
40 2298
40 2299
40 2300
40 775
41 797
41 389
41 468
42 797
43 797
43 161
43 609
43 82
43 410
43 1665
43 444
43 1681
43 2144
44 796
44 903
44 158
44 395
44 773
44 902
44 983
44 403
44 657
44 985
44 1064
44 905
44 2353
44 906
44 1661
45 1203
46 830
46 835
46 836
46 837
47 102
47 1431
49 288
49 77
49 2320
49 2700
50 80
50 102
51 52
51 111
52 521
52 1179
52 1512
52 1513
52 1514
52 615
52 620
54 783
54 137
54 1459
54 1662
54 1663
55 402
55 1131
55 1736
55 1251
55 1737
55 1294
55 1738
55 1295
55 114
55 102
55 1739
56 95
56 456
56 592
56 1023
56 459
56 821
56 1989
56 1990
56 96
56 1016
56 1991
56 1992
56 1993
56 99
56 1994
56 1995
56 101
56 825
56 103
56 499
57 659
57 776
57 770
57 771
57 461
57 764
57 2078
57 766
57 1956
57 767
57 2079
57 2080
57 2081
57 2082
57 110
57 114
57 428
58 73
58 85
58 86
58 715
58 716
58 717
58 75
58 94
58 98
58 100
58 718
58 77
59 1418
59 1145
59 2306
60 61
60 62
60 63
60 64
60 65
60 66
60 67
60 68
60 69
60 70
61 314
61 540
62 2256
62 2545
64 1052
64 540
64 2724
64 1955
66 312
66 558
66 1811
66 317
66 1350
68 413
68 635
68 565
68 2216
68 2217
68 70
69 1238
69 1503
69 540
69 499
70 1427
70 448
70 494
70 899
70 497
70 1152
70 1813
70 896
70 2364
70 1188
70 1496
70 1927
70 2168
71 72
71 73
72 74
72 75
72 76
72 77
72 78
72 79
72 80
73 85
73 86
73 87
73 88
73 89
73 90
73 91
73 92
73 93
73 75
73 94
73 95
73 76
73 96
73 97
73 98
73 99
73 100
73 101
73 77
73 78
73 79
73 80
73 102
73 103
74 1141
74 1144
74 860
74 1724
74 102
75 1308
75 1356
75 79
75 80
76 1324
76 97
76 1325
76 1326
76 970
77 128
77 288
77 175
77 95
77 1308
77 456
77 409
77 83
77 241
77 2246
77 80
79 257
80 1308
80 395
80 88
80 716
80 91
80 92
80 96
80 97
80 1325
80 102
82 521
82 1349
82 1128
82 593
83 84
83 570
83 2227
83 2228
83 2229
83 1167
83 2230
83 1088
83 244
85 835
85 1308
85 1906
85 577
85 1914
85 2246
86 158
86 95
86 689
86 762
86 87
86 2451
86 1431
86 2452
87 639
87 158
87 95
87 689
87 762
88 95
89 128
89 2070
89 2047
90 474
90 1046
90 1736
91 389
91 1155
91 1645
91 1642
92 2246
93 2572
93 2460
93 2573
95 717
95 1308
95 718
95 1309
95 114
97 193
97 2715
99 592
101 1997
101 1376
101 425
102 128
102 329
102 796
102 255
102 286
102 288
102 175
102 456
102 241
102 260
102 403
102 1718
102 290
102 2308
102 1390
102 1090
102 762
103 822
103 1863
103 1017
104 105
104 106
104 107
104 108
104 109
104 110
104 111
104 112
106 113
106 114
107 521
107 652
107 796
107 797
107 598
107 957
107 958
107 801
107 959
107 960
107 848
107 961
107 962
107 963
107 812
107 964
107 367
107 965
107 966
107 681
107 967
107 968
107 592
107 615
107 377
107 821
107 109
107 490
107 969
107 970
107 971
107 972
107 973
107 691
107 653
107 974
108 2021
109 1235
109 331
109 1632
110 487
110 659
110 598
110 333
110 1045
110 1427
110 1478
110 214
110 1352
110 418
110 1640
110 977
110 1142
110 1812
110 627
110 711
110 488
110 2099
110 132
110 313
110 314
110 538
110 468
110 2100
110 390
110 1697
110 1292
110 2101
110 1624
110 1834
110 2102
110 2103
110 841
110 1310
110 544
110 2104
110 2105
110 2106
110 634
110 2107
110 2108
110 2109
110 2110
110 2006
110 2111
110 2112
110 2113
110 2114
110 2115
110 2116
110 2117
110 1850
110 2118
110 2119
110 2120
110 2121
110 2122
110 2123
110 2124
110 1448
110 2125
110 1295
110 304
110 1688
110 2126
110 305
110 2127
110 2128
110 2129
110 942
110 892
110 2130
110 1579
111 1795
111 2003
111 712
111 2242
111 2243
111 479
111 2244
111 1796
111 2245
112 706
112 707
112 708
112 709
112 282
112 710
112 711
112 712
112 713
112 714
112 427
113 146
113 131
113 1292
113 167
113 570
113 1293
113 1294
113 1295
114 419
114 783
114 389
114 456
114 770
114 399
114 774
114 1906
114 1193
114 450
114 1237
114 699
114 1763
114 769
114 2240
114 1503
114 428
114 2241
114 499
115 116
115 117
115 118
115 119
115 120
115 121
116 122
116 998
116 1301
117 122
117 123
117 124
117 125
117 126
117 127
118 119
118 561
120 389
120 592
120 1667
120 573
120 2032
120 2069
120 2041
120 2070
120 755
120 757
120 1100
121 681
122 654
122 659
122 861
122 862
122 863
122 389
122 864
122 661
122 865
122 453
122 609
122 545
122 866
122 867
122 868
122 675
122 869
122 471
122 221
122 870
122 696
122 871
123 835
123 672
123 545
123 1538
123 855
124 545
124 125
125 545
126 562
126 467
126 354
126 2701
127 372
127 598
127 963
127 545
127 622
127 2328
127 2329
127 2330
127 2331
127 1840
127 2332
127 1787
127 2333
127 1883
127 2334
127 2335
127 1591
127 1487
127 2336
127 2337
127 2338
127 2339
127 2340
127 2341
128 129
128 130
128 131
128 132
128 133
128 134
128 135
128 136
128 137
128 138
128 139
128 140
128 141
128 142
128 143
128 144
128 145
128 146
128 147
128 148
128 149
128 150
128 151
128 152
128 153
128 154
128 155
128 156
128 157
128 158
128 159
128 160
128 161
128 162
128 163
128 164
128 165
128 166
128 167
128 168
128 169
128 170
128 171
128 172
128 173
128 174
128 175
128 176
128 177
128 178
128 179
128 180
128 181
128 182
128 183
128 184
128 185
128 186
128 187
128 188
128 189
128 190
128 191
128 192
128 193
128 194
128 195
128 196
128 197
128 198
128 199
128 200
128 201
128 202
128 203
128 204
128 205
128 206
128 207
128 208
128 209
128 210
128 211
128 212
128 213
128 214
128 215
128 216
128 217
128 218
128 219
128 220
128 221
128 222
128 223
128 224
128 225
128 226
128 227
128 228
128 229
128 230
128 231
128 232
128 233
128 234
128 235
128 236
128 237
128 238
128 239
128 240
128 241
128 242
128 243
128 244
128 245
128 246
128 247
128 248
128 249
128 250
128 251
128 252
128 253
128 254
129 1294
129 1295
130 372
130 487
130 256
130 257
131 257
131 1388
131 915
131 1610
131 272
131 1294
131 219
131 259
131 236
131 2189
131 845
131 142
131 2422
131 2423
132 1181
132 409
132 1145
132 304
133 255
133 286
133 257
133 294
133 272
133 562
133 616
133 1853
134 136
135 161
135 527
135 1344
135 2211
135 2033
135 2443
136 372
136 402
136 295
136 845
136 255
136 846
136 847
136 848
136 394
136 849
136 530
136 626
136 850
136 720
137 251
137 288
137 394
137 530
137 562
137 1695
137 618
137 226
137 1090
137 604
137 2455
139 288
139 447
139 555
141 1853
141 2474
142 521
142 473
142 161
142 1719
142 375
142 219
142 1129
142 2213
142 444
142 155
142 674
142 2475
143 288
143 257
143 562
144 1141
144 2451
144 1634
145 2499
146 402
146 295
146 517
146 719
146 308
146 908
146 912
146 721
146 284
146 285
146 255
146 913
146 914
146 286
146 723
146 288
146 724
146 175
146 436
146 185
146 625
146 290
146 570
146 915
146 291
146 650
146 292
146 294
146 916
146 272
146 296
146 562
146 300
146 259
146 303
146 532
146 917
146 732
146 850
146 260
146 918
147 2435
148 1987
149 698
149 256
149 286
149 161
149 580
149 1388
149 272
149 219
149 1736
149 2527
149 1634
149 780
149 2047
149 2162
150 175
151 257
151 367
151 562
152 371
152 1526
154 372
154 256
154 526
154 527
154 288
154 562
154 689
155 219
155 488
157 527
158 779
158 901
158 983
158 1111
158 1112
158 708
158 905
158 395
158 201
158 1113
158 1114
158 1022
158 409
158 689
158 1115
158 1116
158 499
159 723
159 848
159 488
159 918
160 256
160 286
160 525
160 1131
160 526
160 288
160 257
160 1132
160 294
160 258
160 409
160 1133
160 235
160 304
160 463
160 260
160 498
161 402
161 295
161 719
161 908
161 256
161 846
161 861
161 1134
161 285
161 602
161 1135
161 1136
161 350
161 288
161 1137
161 175
161 1138
161 196
161 915
161 292
161 1139
161 1140
161 272
161 215
161 1141
161 729
161 1142
161 296
161 219
161 626
161 1143
161 562
161 1144
161 618
161 1145
161 229
161 575
161 1128
161 1129
161 236
161 918
161 1130
161 1146
161 733
161 1147
162 872
162 1597
162 1819
162 2399
163 255
163 256
163 257
163 258
163 259
163 260
164 580
164 528
164 1162
164 850
165 255
165 286
166 256
166 215
166 530
167 419
167 486
167 526
167 1636
167 703
167 1602
167 2634
168 402
168 295
168 517
168 308
168 1181
168 692
168 294
168 1185
168 1186
168 562
168 304
169 272
170 288
170 1141
171 394
171 272
172 294
172 409
172 304
172 582
173 255
173 257
174 526
174 288
174 294
174 258
174 2050
175 432
175 1302
175 176
175 1303
175 1304
175 294
175 1305
175 1180
175 936
175 1306
175 1129
175 240
175 622
175 242
175 1307
175 247
175 249
175 252
176 609
176 1349
178 288
178 702
178 258
178 299
178 1672
178 848
178 2693
179 2694
179 2695
179 2286
179 2696
180 1131
180 1778
181 527
181 257
182 409
183 1362
184 457
184 1845
185 579
186 373
186 1646
186 2723
187 448
187 1133
187 463
188 525
188 702
189 255
190 870
193 279
193 284
193 285
193 286
193 287
193 288
193 289
193 290
193 291
193 292
193 293
193 294
193 272
193 295
193 296
193 274
193 297
193 298
193 299
193 300
193 301
193 302
193 303
193 304
193 305
193 306
193 307
193 308
194 527
195 1181
196 329
196 402
196 295
196 517
196 723
196 580
196 526
196 527
196 288
196 915
196 272
196 530
196 562
196 1145
196 917
196 622
196 918
198 1602
198 2482
199 295
199 527
199 2410
201 901
201 256
201 526
201 527
201 1181
201 395
201 915
201 1508
201 1113
201 294
201 1509
201 1141
201 562
201 259
201 1115
201 241
201 260
201 1116
201 1184
201 906
202 233
203 2773
205 400
205 292
205 932
205 861
205 722
205 1599
205 881
205 1600
205 1601
205 727
205 1142
205 458
205 1569
205 1602
205 1144
205 301
205 1133
205 236
205 691
205 871
206 372
206 487
206 308
206 255
206 257
207 562
207 616
207 1145
210 1636
210 1642
210 294
210 215
210 530
210 1641
210 1602
210 622
210 242
212 527
212 288
212 394
212 786
212 375
212 626
212 618
213 255
213 257
214 402
214 796
214 527
214 288
214 294
214 729
214 530
214 562
214 241
215 294
215 1640
215 921
215 1747
215 1748
215 216
215 1143
215 304
215 1223
215 1749
216 294
216 562
217 329
217 295
217 580
217 288
217 257
217 258
217 626
217 562
217 616
217 241
218 372
218 255
218 527
218 257
218 562
218 1809
218 241
219 367
219 1294
219 936
219 1838
219 1304
219 1130
220 1839
220 530
220 1295
220 236
221 1141
221 869
221 1881
222 372
222 517
222 256
222 524
222 525
222 526
222 527
222 288
222 528
222 529
222 437
222 294
222 258
222 530
222 409
222 531
222 304
222 532
222 498
223 272
223 530
223 1979
223 1980
223 1695
223 622
223 1749
224 255
224 1111
224 288
224 257
224 917
224 1853
225 257
226 527
226 1139
226 530
226 1143
226 618
226 1161
227 372
227 257
227 1235
227 2071
227 1301
228 402
229 1346
230 255
230 580
230 924
230 367
230 616
230 578
230 1174
230 2145
230 1169
230 584
230 252
231 329
231 583
231 255
231 257
233 294
233 1634
234 329
234 294
234 530
234 1641
236 527
236 1691
236 403
236 2033
236 2040
236 404
236 1068
236 2182
236 2183
236 1419
237 257
237 1335
237 1989
238 501
238 911
238 304
238 1237
239 2213
240 372
240 255
240 256
240 526
240 527
240 288
240 294
240 258
240 530
240 1641
240 562
240 304
240 1642
241 924
241 915
241 407
241 936
241 618
241 1169
241 2247
241 249
242 251
242 672
242 294
242 993
242 447
242 448
242 1133
242 463
242 622
242 1228
242 2263
242 582
242 2264
244 286
244 723
244 526
244 288
244 394
244 616
244 918
244 305
244 306
244 1486
244 1591
245 394
245 1141
245 917
245 2305
246 2313
246 686
247 456
247 294
247 530
247 562
248 1853
249 526
249 527
250 257
250 1378
250 294
250 371
250 1294
250 530
251 786
251 787
251 525
251 788
251 789
251 790
251 294
251 530
251 791
251 792
251 304
251 498
251 308
252 255
252 580
252 526
252 527
252 915
252 258
252 1141
252 792
252 532
252 2047
252 2363
253 517
253 286
253 527
253 288
253 2224
253 1853
254 329
254 372
254 255
254 526
254 294
254 1641
254 562
254 844
254 1534
255 329
255 380
255 283
255 919
255 331
255 920
255 388
255 334
255 921
255 337
255 338
255 339
255 340
255 341
255 922
255 343
255 344
255 390
255 349
255 350
255 923
255 924
255 925
255 352
255 392
255 926
255 927
255 357
255 928
255 588
255 929
255 930
255 398
255 931
255 932
255 883
255 369
255 933
255 934
255 935
255 374
255 375
255 936
255 376
255 937
255 938
255 939
255 940
255 423
255 462
255 384
255 941
255 942
255 943
255 387
255 944
256 283
256 472
256 1047
256 913
256 922
256 1048
256 648
256 288
256 924
256 367
256 1049
256 378
256 940
256 1050
256 401
257 343
257 352
257 596
257 1244
257 1245
257 331
257 1246
257 1247
257 920
257 388
257 334
257 1248
257 336
257 339
257 1249
257 1250
257 342
257 1251
257 1252
257 1253
257 950
257 350
257 1254
257 1255
257 1256
257 1257
257 923
257 1258
257 1259
257 925
257 1260
257 1204
257 926
257 356
257 927
257 1261
257 358
257 359
257 1262
257 360
257 470
257 1263
257 363
257 808
257 1264
257 1265
257 1266
257 1267
257 1268
257 1269
257 1270
257 367
257 1271
257 1272
257 932
257 1273
257 1274
257 1275
257 1276
257 935
257 375
257 936
257 376
257 1222
257 939
257 410
257 1277
257 384
257 444
257 942
257 1278
257 1279
257 1280
257 387
257 1281
257 944
258 797
258 432
258 920
258 388
258 1407
258 1664
258 1665
258 622
258 1090
259 288
259 924
259 1100
260 1636
260 2249
260 1201
261 262
262 840
262 482
262 994
262 1689
262 566
263 264
263 265
263 266
263 267
264 2498
266 419
266 426
266 889
267 535
267 536
267 537
267 538
267 539
267 540
267 541
267 542
267 543
267 544
267 545
267 546
267 547
267 548
267 549
267 550
267 551
267 509
267 486
267 552
268 269
268 270
268 271
268 272
269 1045
269 736
269 323
269 1310
269 1311
269 1312
269 1313
269 1314
269 889
269 1315
269 500
269 963
269 1316
269 1317
269 1318
269 1319
269 1320
269 891
269 894
269 1321
269 1322
269 892
270 273
270 274
271 1906
272 283
272 924
272 367
272 849
272 1691
272 1644
272 1204
272 1666
272 1692
272 1693
272 1694
272 910
272 1319
272 1294
272 1695
272 1026
273 1447
273 1128
273 1129
273 2373
274 333
274 1817
274 1301
274 514
275 276
275 277
275 278
276 1230
276 1333
277 389
277 298
277 2184
277 1368
277 839
277 1917
277 2185
277 1921
277 498
278 682
278 389
278 456
278 459
278 683
278 684
278 685
278 686
279 280
279 281
279 282
279 283
282 1710
283 719
283 721
283 722
283 284
283 717
283 723
283 288
283 724
283 725
283 726
283 727
283 292
283 728
283 294
283 729
283 296
283 300
283 301
283 302
283 730
283 303
283 731
283 732
283 733
283 308
284 579
284 1836
284 2226
285 410
285 793
285 403
286 331
286 1051
286 1052
286 403
286 1053
286 1054
286 922
286 1055
286 1056
286 1057
286 1058
286 1059
286 1060
286 1061
286 1062
286 1063
286 1064
286 1065
286 1066
286 1067
286 1068
286 1069
286 1070
286 1071
286 1072
286 1073
286 1074
286 1075
286 367
286 1076
286 1077
286 1078
286 1079
286 1080
286 1081
286 1082
286 1083
286 1084
286 911
286 534
286 940
286 1085
286 1086
286 1087
286 660
286 1088
286 720
286 1089
286 1090
286 1091
286 1092
287 410
288 380
288 472
288 579
288 580
288 432
288 596
288 1192
288 1193
288 1194
288 920
288 429
288 1195
288 1196
288 1197
288 1198
288 983
288 1199
288 1200
288 1201
288 347
288 1056
288 1202
288 950
288 951
288 924
288 453
288 1203
288 352
288 1204
288 1174
288 608
288 1205
288 1206
288 1207
288 1208
288 1209
288 1210
288 1211
288 571
288 1212
288 1213
288 1214
288 1215
288 1216
288 1217
288 1218
288 1219
288 1049
288 1220
288 953
288 562
288 1221
288 509
288 1222
288 300
288 621
288 954
288 1223
288 660
288 1224
288 1225
288 444
288 428
290 309
290 1075
291 362
291 1370
291 706
291 1457
291 334
291 336
291 1458
291 1459
291 1460
291 344
291 345
291 1292
291 1057
291 1461
291 1462
291 1463
291 693
291 1464
291 1465
291 363
291 1466
291 1467
291 1468
291 1018
291 1469
291 1470
291 1471
291 1472
291 1473
291 1474
291 1475
291 1476
291 483
291 626
291 937
291 940
291 410
291 1477
292 579
292 1584
292 1586
292 1587
292 403
292 1588
292 455
292 1589
292 1590
292 1591
292 1592
292 1593
292 1594
292 1595
292 1596
292 501
292 410
292 1597
292 465
292 1410
292 1598
293 1681
293 2438
294 432
294 407
294 1636
294 1131
294 1460
294 346
294 1643
294 404
294 1644
294 1645
294 1646
294 1647
294 1648
294 1649
294 1650
294 1139
294 1022
294 1651
294 1640
294 530
294 1143
294 1641
294 383
294 1652
294 1223
294 401
294 1344
295 429
295 346
295 430
295 431
295 432
295 433
295 434
295 435
295 436
295 437
295 438
295 439
295 440
295 441
295 409
295 442
295 443
295 444
296 580
296 429
296 1762
296 410
297 333
297 1132
297 397
297 367
297 996
297 1335
297 1892
297 1403
298 1916
298 839
298 1917
298 1918
298 1919
298 1920
298 495
298 1921
298 498
299 480
299 367
299 1973
299 1974
299 1975
300 472
300 580
300 1676
300 1129
301 493
301 1100
302 521
302 1132
302 2086
302 2087
302 1461
302 1600
302 2088
302 2089
302 1612
303 720
304 432
304 618
304 2192
304 982
304 1386
304 346
304 724
304 1969
304 1169
304 498
304 825
305 332
305 1161
305 1579
306 1318
306 1676
306 627
306 2301
307 580
307 1393
308 793
308 794
308 795
309 310
310 311
312 313
312 314
312 315
312 316
313 499
313 540
313 923
314 316
314 2478
314 317
314 318
314 2479
314 319
315 1652
315 985
315 1833
315 2563
316 317
316 318
316 319
316 320
317 2557
317 2558
317 2559
318 1047
318 2618
318 923
318 2559
319 540
319 2618
319 2684
320 923
321 322
321 323
321 324
323 1045
323 1418
323 2550
323 2551
323 2306
323 2552
323 1310
323 2079
324 598
325 326
325 327
326 1187
328 1949
328 1951
328 750
328 2502
329 330
329 331
329 332
329 333
329 334
329 335
329 336
329 337
329 338
329 339
329 340
329 341
329 342
329 343
329 344
329 345
329 346
329 347
329 348
329 349
329 350
329 351
329 352
329 353
329 354
329 355
329 356
329 357
329 358
329 359
329 360
329 361
329 362
329 363
329 364
329 365
329 366
329 367
329 368
329 369
329 370
329 371
329 372
329 373
329 374
329 375
329 376
329 377
329 378
329 379
329 380
329 381
329 382
329 383
329 384
329 385
329 386
329 387
330 358
330 515
331 487
331 2022
332 628
332 650
332 367
332 575
332 1534
332 2212
332 2467
332 1687
333 628
333 887
333 474
333 888
333 889
333 890
333 891
333 892
334 380
334 447
334 948
334 1133
335 394
335 626
337 380
337 1132
337 570
337 374
337 1247
337 388
337 793
337 338
337 366
339 497
341 570
341 626
341 1046
341 2556
342 626
343 1101
344 372
346 402
346 371
346 530
346 1145
346 733
347 525
347 1185
349 551
351 570
351 1717
352 564
352 1243
352 784
352 523
353 371
354 623
354 2184
355 2683
358 1327
358 1328
358 1329
358 1330
358 1331
358 1332
358 1290
358 1333
358 1334
358 1335
358 1224
358 1336
359 367
362 1313
362 394
362 845
362 1404
362 1096
362 1405
362 1320
362 626
362 1087
363 1045
363 570
364 394
364 626
364 918
365 2743
367 619
367 382
367 628
367 527
367 394
367 1150
367 1521
367 1522
367 1523
367 1524
367 1525
367 1526
367 1527
367 800
367 1528
367 1529
367 1530
367 1531
367 1532
367 586
367 1533
367 1534
367 1535
367 1536
367 1537
367 1538
367 1539
367 1540
367 1541
367 1542
367 1543
367 1544
367 962
367 1545
367 1546
367 1547
367 1548
367 1549
367 1550
367 910
367 1551
367 1552
367 1553
367 1554
367 1555
367 1556
367 1557
367 1558
367 1559
367 681
367 1560
367 1561
367 1562
367 1563
367 408
367 1564
367 1565
367 1566
367 1567
367 1219
367 481
367 471
367 626
367 1568
367 1569
367 1570
367 948
367 1085
367 1571
367 1572
367 1295
367 1573
367 1574
367 1323
367 1479
367 1575
367 870
367 1576
367 1117
367 1161
367 1577
367 1578
367 1579
369 562
371 644
371 394
371 798
371 1681
371 1491
371 1682
371 1683
371 568
371 767
371 1461
371 1684
371 1534
371 1106
371 952
371 1685
371 1686
371 1687
371 1159
371 375
371 626
371 562
371 624
371 1688
371 713
371 622
371 1403
372 388
372 389
372 390
372 391
372 392
372 393
372 394
372 395
372 396
372 397
372 398
372 374
372 399
372 400
372 384
372 401
373 485
373 533
373 505
373 1740
373 1211
373 462
373 1306
373 1721
374 721
374 1781
375 626
375 532
376 488
377 487
377 698
377 626
378 521
378 833
378 1877
378 1878
378 894
378 1879
379 796
380 473
380 533
380 534
381 487
381 576
381 577
382 598
382 625
382 626
382 627
382 628
382 532
383 436
383 2077
384 487
384 932
384 2077
384 1809
384 1428
384 518
386 1011
388 487
388 932
389 521
389 763
389 783
389 999
389 1000
389 913
389 1001
389 1002
389 1003
389 1004
389 1005
389 1006
389 1007
389 580
389 605
389 1008
389 1009
389 1010
389 606
389 693
389 1011
389 1012
389 1013
389 1014
389 1015
389 456
389 828
389 1016
389 1017
389 1018
389 1019
389 1020
389 1021
389 675
389 1022
389 1023
389 1024
389 1025
389 1026
389 620
389 884
389 997
389 1027
389 523
389 444
389 1028
389 826
389 762
390 650
391 2228
393 2143
394 580
394 1392
394 1393
394 1394
394 1395
394 1396
394 1397
394 1398
394 1399
394 1073
394 1400
394 1401
394 626
394 1277
394 713
394 1402
394 1403
395 901
395 983
395 1423
395 1424
395 1425
395 1426
395 1339
395 689
395 1301
396 763
396 598
396 798
396 1486
396 1487
396 650
396 1488
396 399
396 1489
397 635
397 1498
397 1499
397 1500
397 1501
397 530
397 1145
399 741
399 735
399 1785
399 1786
399 1787
399 1788
399 1789
399 1790
399 1791
399 1792
399 653
400 578
400 579
400 580
400 581
400 582
400 583
400 584
401 562
401 959
402 403
402 404
402 405
402 406
402 407
402 408
402 409
402 410
402 411
403 650
403 1141
403 1145
403 732
403 1146
403 2521
404 846
404 1426
404 1641
404 584
405 1294
407 527
407 726
408 672
409 1139
409 1897
409 1898
409 1899
409 788
409 1900
409 1901
409 1070
409 1902
409 1903
409 1904
409 1905
409 573
409 1280
410 656
410 1602
410 531
410 730
410 1000
410 1251
410 1973
410 1133
410 1152
412 419
412 838
412 764
412 473
412 839
412 505
412 840
412 841
412 842
412 462
412 843
412 496
412 676
413 895
413 896
413 649
413 897
413 898
413 899
413 900
413 497
414 1242
414 1503
414 2311
414 2486
415 502
415 417
415 499
415 553
416 476
416 478
416 1104
416 1010
416 1173
416 667
416 1237
416 1238
416 1239
416 616
416 463
416 427
417 502
417 426
417 644
417 1706
417 457
417 995
418 744
418 692
418 1741
418 1433
418 1742
418 1743
418 1744
418 1320
418 1745
419 472
419 473
419 474
419 475
419 468
419 476
419 477
419 478
419 479
419 480
419 481
419 482
419 483
419 484
419 485
419 459
419 486
419 421
419 447
419 487
419 488
419 489
419 490
419 491
419 492
419 493
419 448
419 462
419 494
419 495
419 496
419 463
419 497
419 498
419 499
420 1379
420 1816
420 1100
421 521
421 424
421 771
421 1185
421 561
421 683
421 1681
421 1983
421 477
421 1984
421 1737
421 497
421 428
421 1279
421 1184
421 499
423 486
423 626
423 994
423 447
423 488
423 1345
423 2050
423 2051
423 2052
423 512
423 498
424 486
424 473
424 451
424 480
424 641
424 642
424 561
424 643
424 499
425 2037
425 1815
425 2029
425 2198
425 2199
426 631
426 734
426 744
426 745
426 746
426 553
426 747
426 748
426 749
426 474
426 750
426 604
426 505
426 751
426 752
426 753
426 754
426 755
426 756
426 558
426 757
426 758
426 759
426 457
426 482
426 483
426 760
426 761
426 637
426 488
426 462
426 762
428 502
428 521
428 473
428 608
428 774
428 620
428 949
428 553
428 2318
428 2286
428 2319
428 1207
428 2320
429 517
429 702
429 977
429 792
429 564
429 1152
429 1148
429 2473
429 2180
429 1593
431 1111
431 1151
431 1153
431 911
432 526
432 530
432 562
432 792
433 517
434 762
435 1126
435 2271
436 1247
436 1357
436 1358
436 1359
436 1360
436 1361
436 1091
436 944
437 1063
437 2722
441 1460
441 788
441 1856
441 1857
441 1356
441 823
442 517
442 626
443 2286
444 1595
444 1142
444 484
444 626
444 1024
444 995
444 823
444 692
444 2288
444 1149
444 2310
444 1763
444 762
445 446
445 447
445 448
446 917
447 672
447 550
447 471
447 1877
447 1906
447 983
447 1772
447 1068
447 1417
447 1608
447 1985
447 1986
447 1987
447 1988
448 1604
448 471
448 459
448 460
448 1608
448 2039
448 2040
448 2041
448 2042
448 2043
448 2044
448 1986
450 1832
450 459
450 1931
450 894
450 995
450 899
450 1964
450 1237
450 1167
450 1535
450 2517
451 502
451 631
451 643
451 734
451 838
451 984
451 553
451 604
451 505
451 756
451 1163
451 635
451 759
451 482
451 483
451 761
451 637
451 1024
451 492
451 955
451 566
451 499
452 646
453 672
453 1228
453 608
453 1235
453 1236
454 476
455 1608
455 995
455 2714
456 521
456 796
456 835
456 480
456 1368
456 600
456 540
456 991
456 1369
456 1370
456 1371
456 1372
456 1022
456 833
456 1373
456 1374
456 620
456 1133
456 834
456 499
457 502
457 473
457 505
457 1707
457 888
457 482
457 507
457 488
457 512
457 822
457 564
457 1166
457 1046
458 1404
459 472
459 478
459 831
459 1237
459 1896
459 1235
459 616
459 955
459 686
459 1420
460 1764
460 1896
460 1752
460 970
460 495
461 1145
462 486
462 473
462 1040
462 1719
462 1720
462 1943
462 1047
462 632
462 553
462 843
462 575
462 497
462 1721
463 2040
463 1986
463 1988
464 676
465 1224
465 1419
465 676
466 467
466 468
466 469
466 470
466 471
468 516
468 503
468 473
468 689
468 1951
468 2184
468 469
469 2572
469 2573
471 1836
471 1133
471 998
472 656
472 945
472 950
472 951
472 608
472 952
472 482
472 953
472 621
472 954
472 955
472 956
473 502
473 533
473 978
473 979
473 980
473 632
473 981
473 553
473 982
473 983
473 670
473 984
473 474
473 985
473 986
473 752
473 987
473 988
473 989
473 990
473 881
473 991
473 557
473 758
473 560
473 992
473 482
473 507
473 483
473 993
473 484
473 510
473 994
473 491
473 492
473 995
473 996
473 564
473 497
473 997
473 998
474 638
474 1044
474 1045
474 500
474 512
474 843
474 496
474 1046
475 1419
476 1096
476 1097
476 1098
476 1099
476 509
476 1100
477 672
477 480
477 509
477 497
477 499
477 2602
478 1045
479 553
480 643
480 558
480 553
480 1353
480 1354
480 1355
480 1185
480 482
480 561
480 1356
482 502
482 979
482 736
482 952
482 507
482 994
482 512
482 564
482 1735
482 497
482 1166
482 499
483 1758
483 840
483 1759
484 796
484 1810
484 1128
484 850
484 762
485 500
485 501
486 553
486 554
486 503
486 555
486 505
486 556
486 557
486 558
486 559
486 560
486 561
486 562
486 491
486 492
486 512
486 563
486 564
486 565
486 497
486 566
487 567
487 568
487 569
487 570
487 571
487 572
487 573
487 574
487 575
487 497
488 521
488 874
488 723
488 1132
488 1391
488 629
488 925
488 2005
488 2006
488 2007
488 575
488 918
488 1117
489 1985
489 575
490 631
490 1780
491 838
491 992
491 2014
491 981
491 499
493 580
493 1297
493 2038
494 1813
495 509
495 1006
495 2097
496 501
496 1942
496 1505
496 1046
497 635
497 833
497 2035
497 575
497 565
497 1348
497 981
497 553
497 736
497 1010
497 2236
497 2237
498 545
498 616
498 573
498 522
498 1969
498 2273
498 2274
498 825
498 720
499 643
499 500
499 1185
499 821
499 1709
499 553
499 2365
499 1353
499 842
499 2366
500 1406
500 786
500 748
500 1376
500 1407
500 1414
500 1415
500 1416
500 1168
500 1417
500 703
500 1418
500 1409
500 843
500 886
500 1419
500 1420
501 1406
501 1407
501 959
501 1417
501 1874
501 1875
501 1876
501 1419
501 676
502 503
502 504
502 505
502 506
502 507
502 508
502 509
502 510
502 511
502 512
502 513
502 514
503 553
504 553
504 2615
505 748
505 1164
505 558
505 564
505 1165
505 566
505 1166
506 643
506 2629
507 632
507 747
507 986
507 510
507 843
507 564
508 515
509 1943
509 553
509 670
509 1944
509 1015
509 1945
509 1097
509 1946
509 995
509 1947
509 1721
511 1689
512 994
512 747
512 2076
512 843
513 553
514 2035
514 2327
515 2035
515 2067
515 1224
515 676
515 1943
515 1328
515 1329
515 2493
515 2066
517 518
517 519
517 520
517 521
517 522
517 523
518 1145
518 1348
518 2430
521 595
521 596
521 597
521 598
521 599
521 600
521 601
521 537
521 602
521 603
521 604
521 605
521 606
521 607
521 608
521 609
521 610
521 611
521 612
521 613
521 614
521 615
521 616
521 617
521 618
521 619
521 620
521 621
521 622
522 915
522 618
522 1145
522 2226
523 580
523 1243
523 784
524 940
524 2094
524 1646
524 1664
525 1118
525 1119
525 1120
525 568
525 1121
525 1122
525 1123
525 1124
525 556
525 1125
525 1126
525 573
525 1127
525 1128
525 1129
525 1130
526 1167
526 1168
526 1169
527 1170
527 596
527 1171
527 788
527 1172
527 1173
527 880
527 1174
527 812
527 1175
527 1176
527 791
527 1169
528 1341
528 1272
528 1342
529 687
529 1695
530 1691
530 1840
530 1461
530 1841
530 1646
530 1210
530 1071
530 1842
530 1843
530 1641
530 622
530 1612
531 1478
531 592
531 798
531 2045
531 2046
531 660
532 1378
532 573
532 1295
532 1966
532 1149
532 1975
534 2002
535 536
535 2458
536 2281
536 1953
536 1954
537 2529
537 1835
539 1029
539 1030
539 739
539 1031
539 1032
540 1951
541 2633
542 2647
542 1031
543 2633
544 2164
544 2184
544 2685
545 672
545 1282
545 1478
545 1479
545 949
547 988
547 1603
547 550
547 742
550 1030
550 1827
550 1828
550 1036
550 1734
550 1829
550 1038
550 1830
550 1831
550 1034
551 858
551 1860
551 1861
551 1862
551 1261
551 1863
551 1864
551 1865
551 1866
551 1867
551 1868
551 1869
551 1870
551 1871
551 1182
551 1872
551 1873
552 617
553 992
553 1721
553 754
553 2490
554 994
554 594
554 840
555 995
555 955
556 681
557 1906
557 577
557 1914
558 631
558 643
558 984
558 1350
558 1351
558 1352
558 761
558 1166
559 2737
560 1505
560 1506
560 992
560 1507
561 643
561 641
561 898
562 924
562 1159
562 630
562 936
562 1392
562 602
562 1491
562 1923
562 1924
562 1925
562 1262
562 1110
562 875
562 1926
562 1270
562 1271
562 1927
562 1928
562 1929
562 1930
562 1931
562 1169
562 1622
563 963
563 1122
563 2083
563 1127
563 2084
564 1132
564 630
564 843
564 575
564 632
564 747
565 1328
565 981
565 2214
565 2215
566 635
566 1689
566 1163
568 2094
570 1388
570 786
570 845
570 1391
573 626
573 1670
573 2015
573 1997
573 792
573 1809
573 2016
574 936
574 626
575 1139
575 1640
575 1736
575 2143
575 2144
575 996
575 899
575 1161
577 1738
577 1356
577 1907
577 1908
577 1909
577 1296
577 1910
577 1912
578 2224
578 2225
578 2349
578 2456
579 829
579 861
579 1148
579 1149
579 1150
579 635
580 920
580 1154
580 1155
580 767
580 924
580 1156
580 1132
580 915
580 1157
580 1158
580 1159
580 615
580 1141
580 626
580 627
580 1100
580 1128
580 1129
580 1160
580 1130
580 1161
581 915
581 2654
582 733
582 847
583 585
583 586
583 587
583 588
583 589
583 590
583 591
583 592
583 593
583 594
583 584
584 2225
584 2350
584 2038
584 2351
584 2349
584 2352
586 1863
591 1665
591 1840
591 1546
592 887
592 635
592 1667
592 1049
592 1668
594 1427
595 1820
598 874
598 876
598 877
598 878
598 602
598 879
598 880
598 881
598 882
598 883
598 760
598 627
598 821
598 884
598 885
598 886
599 914
600 1374
600 621
600 1713
600 2072
601 1388
601 1389
602 615
602 2002
602 1419
603 821
603 620
603 2606
603 2607
603 2485
604 1235
604 620
604 623
604 2612
605 627
605 1067
606 763
606 783
606 1111
606 689
606 822
606 1152
606 982
606 1697
606 1017
606 2059
607 614
607 620
607 1632
608 951
608 658
608 774
608 1050
608 660
611 2090
612 2731
615 681
615 820
615 1446
615 884
615 1660
615 1713
615 1622
616 628
616 786
616 735
616 1966
616 1731
616 1110
617 723
617 748
617 1200
617 1105
617 755
617 757
617 1668
617 1921
617 1735
618 963
618 1126
618 2018
618 788
618 2019
618 2020
618 792
619 623
619 624
620 1324
620 2090
620 2091
620 621
620 1713
621 951
621 1050
622 1135
622 644
622 1040
622 1022
622 1185
622 1641
622 917
622 743
622 645
622 1642
622 2238
622 2239
622 1853
623 1321
623 1322
623 1820
623 2450
623 632
623 1491
624 626
624 1233
625 1132
625 1736
626 810
626 1844
626 1845
626 1057
626 925
626 1846
626 1847
626 1262
626 1465
626 726
626 1848
626 1271
626 939
626 1277
626 1335
626 713
626 1451
626 1402
626 1160
626 1403
626 944
627 932
627 967
627 1141
627 912
627 1849
627 1850
627 1851
627 1852
627 1130
627 1853
628 629
628 630
629 850
629 912
629 1534
630 644
630 1159
630 774
630 1818
630 1820
630 798
630 1193
630 1155
630 878
630 1683
630 1534
630 1666
630 1106
630 952
630 1821
630 1822
630 1823
630 1824
630 1087
630 1688
630 1825
630 1826
631 632
631 633
631 634
631 635
631 636
631 637
631 638
632 1640
632 1609
634 1427
634 635
635 734
635 1492
635 1493
635 1494
635 1495
635 1163
635 1496
635 1352
635 761
635 1497
635 994
639 640
643 644
643 645
644 1345
644 1346
645 1345
645 2702
646 647
646 648
646 649
646 650
646 651
646 652
646 653
649 783
649 774
650 1490
650 1491
650 1058
650 1071
650 850
650 943
651 1937
654 655
654 656
654 657
654 658
654 659
654 660
655 741
655 2453
656 945
656 946
656 947
656 672
656 948
656 949
657 672
657 949
657 762
657 947
658 1301
659 661
659 662
659 663
659 664
659 665
660 672
660 946
660 949
661 869
661 1001
661 2582
661 2583
661 2289
661 2584
662 861
664 2752
665 675
666 667
666 668
667 672
667 1784
667 762
667 1648
668 669
668 670
668 671
668 672
668 673
668 674
668 675
669 2520
669 1255
670 2530
671 830
671 2582
672 1228
672 715
672 831
672 982
672 1229
672 1230
672 1231
672 1232
672 1233
672 1234
674 1419
674 2411
675 869
675 998
676 1219
676 2370
676 2371
676 2372
676 2373
677 678
677 679
677 680
678 680
678 679
679 680
680 681
681 1035
681 801
681 1614
681 1615
681 1616
681 1617
681 1547
681 1618
681 1619
681 967
681 1620
681 820
681 1621
681 1622
681 1623
682 684
682 2515
682 2516
683 744
683 1982
685 1111
685 1017
686 1518
686 2164
687 688
687 689
687 690
687 691
688 1126
688 689
689 779
689 782
689 901
689 773
689 1142
689 1024
689 2054
689 1654
689 2055
689 1697
689 1518
689 2056
689 1303
689 2057
689 2058
689 2059
689 2060
689 2061
689 2062
689 822
689 732
689 1661
689 696
690 692
690 693
690 694
690 695
690 696
690 697
691 796
691 1771
691 2250
691 2251
691 2252
692 1875
692 1024
692 1234
692 748
692 2400
692 708
692 2113
692 2401
692 1618
692 2402
692 2403
692 2404
692 2405
693 1024
695 2728
696 2158
696 1450
696 1654
696 2159
697 1509
697 1184
697 906
698 699
698 700
698 701
698 702
698 703
698 704
698 705
702 773
702 1634
702 1635
702 891
702 1130
703 996
703 1046
707 2240
707 2128
707 1392
707 1837
707 1000
707 2265
707 780
707 2603
707 2604
708 2682
710 1447
710 1424
712 1795
712 1947
713 2189
713 2205
713 2197
715 1708
715 1180
715 1480
716 1832
717 1431
717 1201
719 720
720 844
720 1528
723 920
723 936
723 918
723 1117
724 1393
725 2716
725 2717
729 1800
729 1801
729 1802
729 1799
729 1277
730 860
731 1282
731 1597
731 2163
732 779
732 1169
732 2211
732 2212
733 2342
734 735
734 736
734 737
734 738
734 739
734 740
734 741
734 742
734 743
735 2487
735 2488
735 1815
736 1045
736 898
736 743
736 1916
736 2535
737 1238
738 739
738 1730
738 1733
739 1337
739 1338
739 1339
739 1340
739 742
740 1030
742 1030
742 1719
742 1827
742 1734
742 1815
742 1882
742 1883
742 1884
742 1031
742 1885
742 1886
743 1879
744 1735
744 979
745 2411
746 2434
746 2435
746 2436
747 994
747 986
748 2512
748 1707
748 2079
748 2513
748 2514
749 2076
749 840
750 1828
750 840
751 951
753 2666
755 1185
755 2400
757 2400
758 843
758 1046
759 900
760 1784
761 840
761 1880
762 773
762 1875
762 1024
762 2021
762 1133
762 1234
762 777
762 902
762 1003
762 1989
762 1700
762 2384
762 1701
763 764
763 765
763 766
763 767
763 768
763 769
763 770
763 771
763 772
763 773
763 774
763 775
763 776
763 777
764 963
764 1323
764 2483
764 2484
765 2254
765 2274
765 1658
765 2463
765 2511
765 2255
766 770
766 771
766 2560
766 2214
767 2093
767 2649
770 1105
771 987
771 1515
771 1518
771 1519
771 1520
771 822
773 1111
773 1631
773 1023
773 1632
773 1633
774 1212
774 904
774 950
774 1207
774 952
774 1793
774 953
774 954
776 778
777 2279
777 1612
777 2324
779 780
779 781
779 782
780 2240
780 1392
780 1837
780 1000
780 2454
780 2265
783 784
783 785
784 1243
784 1006
786 1046
788 1142
788 1143
788 1323
791 2047
792 2180
792 1593
792 1234
796 797
796 798
796 799
796 800
796 801
796 802
796 803
796 804
796 805
796 806
796 807
796 808
796 809
796 810
796 811
796 812
796 813
796 814
796 815
796 816
796 817
796 818
796 819
796 820
796 821
796 822
796 823
796 824
796 825
796 826
797 827
797 828
798 1221
798 1374
798 1489
798 2414
798 2236
798 2415
798 2416
798 2417
798 2418
798 816
799 963
799 967
801 967
806 921
806 1834
810 963
812 1480
812 1481
812 1482
812 1302
812 856
812 826
815 963
816 2780
822 1373
822 2131
822 2132
822 951
822 1011
822 2133
822 1227
823 1123
823 1856
823 2231
823 2232
824 963
825 1709
826 857
826 1180
826 860
827 1702
827 2177
827 2397
827 952
827 2398
830 831
830 832
830 833
830 834
831 1880
831 1532
831 832
831 2492
831 866
834 1052
834 1203
835 1094
835 855
835 993
835 1095
836 1235
836 2278
838 844
838 843
840 1044
841 2659
842 2704
843 2138
843 2139
843 1044
843 1944
843 1412
843 2017
844 1367
844 2566
844 2567
844 2568
844 2443
845 1194
845 1258
845 2447
846 1110
848 2287
848 1405
848 1894
849 893
849 1690
849 1592
849 1147
850 1141
850 936
850 1456
850 1169
850 920
850 1006
850 2233
850 2234
850 1402
851 852
851 853
851 854
852 855
852 856
852 857
852 858
852 859
852 860
853 2140
853 2141
853 854
853 1739
854 2142
855 859
855 1095
855 2177
856 1483
856 1484
856 857
856 1180
856 860
856 1485
857 1483
857 1484
857 1482
857 1302
857 1716
857 1717
857 1180
857 858
857 859
857 860
858 1318
858 1858
858 1505
858 1859
858 859
858 860
859 1708
860 1180
860 993
860 1483
860 1480
860 1484
860 1482
860 1302
860 2048
860 2049
861 1385
861 1144
861 1997
861 1586
861 1269
861 2425
864 2035
864 870
864 2008
864 2248
865 998
869 1369
869 1803
869 998
870 2248
871 2368
871 1598
872 873
874 875
875 1624
876 1892
878 963
881 2697
881 2275
881 2698
884 2181
886 892
887 893
887 894
888 911
890 1722
890 1723
890 911
891 892
892 1418
893 1957
893 2428
893 1283
893 2429
894 1414
894 1409
896 2036
898 1952
898 1958
899 2146
899 2144
899 2147
899 1010
899 2148
900 1427
900 2196
900 2197
901 902
901 903
901 904
901 905
901 906
903 907
905 983
905 1151
906 1181
906 1509
906 1709
906 1169
906 1279
906 1184
906 1510
906 1508
906 2157
907 1818
908 909
908 910
908 911
910 1581
910 1210
911 1478
911 1580
911 1967
911 1532
911 1968
911 1969
911 1970
911 1971
911 1074
911 1972
912 1849
912 2432
912 1850
912 2433
913 1610
913 1823
914 963
914 2499
915 1454
915 1455
915 936
915 1456
915 1128
915 1129
915 1169
916 1674
916 1675
916 1676
917 1681
917 2144
917 2200
917 2201
917 2202
917 2203
917 1565
917 2204
918 1132
918 2115
918 1117
921 2536
922 967
922 1074
924 1226
924 1227
929 2438
930 948
932 939
932 941
936 977
936 1837
936 941
936 1130
938 1961
938 1541
938 1962
938 1941
940 2013
941 1428
943 1676
946 993
946 947
948 2026
948 2027
948 2028
949 982
949 2253
949 1234
949 1301
950 951
951 1050
952 1292
954 2156
955 1219
955 1928
955 1929
955 1003
955 2164
956 1724
957 975
957 976
957 977
958 1035
958 961
958 1037
958 1040
959 1712
961 1617
963 1035
963 1428
963 1193
963 1429
963 1430
963 1431
963 1252
963 1432
963 1433
963 1434
963 1435
963 1311
963 1436
963 1437
963 1438
963 1439
963 1440
963 1441
963 1021
963 1442
963 1443
963 1444
963 1445
963 1446
963 1447
963 1448
963 1449
963 1450
963 1451
963 973
963 1452
963 1278
963 1453
967 1035
967 1624
967 1534
967 1616
967 1625
967 1626
967 1627
968 1765
970 993
974 999
975 983
976 2774
980 2357
980 1982
982 1301
982 2505
982 2027
983 1702
985 2356
987 1296
991 1334
991 1970
993 1760
993 1761
993 1762
993 1763
993 1764
993 1765
993 1766
993 1767
993 1768
993 1769
993 1770
993 1771
993 1024
994 1166
995 1010
997 1186
1000 1938
1000 2240
1000 1392
1000 1837
1000 2265
1000 2104
1000 2468
1000 1397
1000 2469
1000 2470
1000 2471
1000 2472
1001 2279
1001 1506
1003 2561
1003 2057
1004 2084
1004 1119
1005 2576
1006 1243
1006 2381
1007 1186
1007 1344
1007 2561
1008 1009
1009 1111
1010 2650
1010 2651
1010 2652
1013 2677
1015 1332
1017 1111
1017 1373
1018 2673
1019 2201
1021 1105
1021 1628
1021 1107
1021 1629
1021 1630
1022 1669
1022 1670
1022 1671
1022 1672
1022 1673
1023 1750
1023 1751
1023 1752
1025 1151
1025 1956
1025 2010
1026 1181
1026 1636
1026 1514
1027 2278
1028 1180
1028 2156
1028 1295
1030 1033
1030 1034
1034 1497
1034 1827
1034 2029
1034 1884
1034 1885
1034 1886
1034 2030
1034 2031
1034 1477
1035 1036
1035 1037
1035 1038
1035 1039
1036 2617
1037 1038
1037 2711
1038 1039
1039 1617
1040 1290
1040 1504
1041 1042
1041 1043
1042 2147
1042 2553
1042 1043
1042 1552
1042 2554
1042 2555
1043 1552
1044 1045
1045 1188
1045 1189
1045 1190
1045 1191
1046 1406
1046 1315
1046 1409
1046 1410
1046 1420
1046 1407
1046 2385
1046 1416
1046 1505
1046 2386
1046 2198
1046 1874
1046 2321
1047 1173
1047 1233
1047 1381
1047 1328
1047 2419
1047 2383
1048 2594
1048 2595
1048 1230
1050 1199
1052 2463
1053 2284
1054 1093
1064 1698
1073 1264
1074 1188
1074 2753
1077 1164
1077 1609
1077 1232
1086 2150
1087 1103
1087 1486
1088 1485
1094 1177
1094 1178
1094 1179
1094 1180
1095 2026
1096 1289
1096 2660
1097 2346
1100 1375
1100 1378
1100 2135
1100 2136
1100 2137
1102 1103
1103 1104
1103 1105
1103 1106
1103 1107
1103 1108
1103 1109
1105 1486
1107 1486
1107 2598
1108 1206
1111 1151
1111 1152
1112 1181
1113 1510
1113 1509
1113 1184
1115 1184
1116 1509
1116 1510
1116 2295
1116 1279
1116 1184
1118 1129
1118 2168
1118 2085
1118 2495
1118 1956
1118 2531
1123 1297
1123 1298
1123 1299
1123 1300
1126 1725
1126 1726
1126 1727
1126 1728
1126 1729
1127 2085
1127 1149
1128 1141
1128 2160
1128 1956
1128 1933
1128 2161
1128 1168
1128 2162
1129 2160
1129 1387
1129 1956
1129 2167
1129 2168
1130 1799
1130 2247
1130 1844
1130 1797
1130 1845
1130 1716
1131 1426
1131 1294
1131 1147
1131 2390
1131 2391
1131 2047
1131 2392
1132 1348
1132 1204
1132 1139
1132 1161
1133 2093
1133 2094
1133 2095
1133 2001
1133 2096
1133 1872
1136 1434
1137 2631
1137 2663
1137 2664
1139 1653
1141 1676
1141 1799
1141 1306
1142 1804
1143 1893
1143 1894
1143 1895
1144 1996
1144 1586
1144 1997
1144 1598
1145 1186
1146 1665
1147 1384
1147 1640
1147 1385
1147 1283
1147 2374
1147 2375
1147 2376
1147 1592
1147 2377
1147 2378
1147 2379
1148 1599
1149 2519
1150 1421
1150 1422
1151 1957
1151 1956
1152 1343
1152 2284
1152 1786
1152 1462
1153 1828
1154 2489
1161 1892
1162 1449
1162 1841
1165 1389
1167 1237
1168 1296
1169 1510
1173 1240
1173 1241
1173 1242
1174 2349
1178 1179
1178 2193
1178 2696
1179 1511
1180 1483
1180 1481
1180 1753
1180 1754
1180 1755
1180 1756
1180 1757
1181 1182
1181 1183
1181 1184
1183 1573
1183 2190
1184 1279
1184 1508
1185 1703
1185 1392
1185 1421
1185 1704
1185 1513
1185 1705
1185 1485
1188 1532
1188 1969
1188 1970
1189 2665
1189 1232
1190 1418
1191 1418
1193 2444
1194 1258
1194 2446
1197 2482
1202 1668
1202 2193
1202 1408
1206 1632
1210 1318
1211 1212
1212 1411
1212 1412
1213 2426
1214 2557
1219 1677
1219 1678
1219 1231
1219 1488
1219 1679
1220 1782
1220 1783
1221 1940
1221 1245
1221 1941
1224 2065
1227 1784
1227 1713
1227 2108
1227 2290
1228 1235
1229 2186
1230 1951
1231 2270
1233 1610
1233 1887
1233 1956
1233 1888
1233 1889
1233 1593
1233 1957
1235 1726
1235 1236
1235 1497
1235 1964
1235 1724
1236 1965
1237 1752
1237 2164
1238 1287
1238 1288
1238 1289
1238 1290
1238 1291
1240 1290
1240 1773
1240 2135
1240 1330
1241 1328
1242 1773
1242 1774
1245 2445
1247 1522
1251 2574
1255 2287
1255 2645
1258 2446
1262 1295
1264 1641
1264 2619
1265 2751
1271 2772
1273 2239
1279 1510
1282 1283
1282 1284
1282 1285
1283 1594
1283 1595
1283 1385
1283 1785
1283 1387
1283 2374
1283 2429
1284 1286
1285 1594
1285 1595
1285 1819
1285 2323
1285 2180
1286 2504
1289 1503
1289 2063
1290 1502
1290 1503
1291 1503
1292 1630
1292 1629
1294 1646
1295 1491
1296 1906
1296 1914
1297 2546
1297 1740
1298 1740
1300 1740
1301 2071
1301 2322
1302 1651
1309 1799
1310 1311
1310 2029
1310 1314
1313 1323
1315 1406
1315 1376
1315 1407
1315 1408
1315 1409
1315 1410
1318 1714
1318 1715
1320 1735
1321 2151
1321 2152
1321 1322
1322 2151
1322 2152
1323 1428
1324 2270
1328 2065
1329 2065
1329 2449
1330 2280
1330 2506
1330 2507
1330 1338
1330 2508
1330 2509
1331 2102
1334 2063
1334 2064
1334 2065
1335 2063
1336 2009
1336 2346
1336 2347
1336 2348
1337 1734
1338 2135
1343 1344
1344 2356
1346 1347
1348 2427
1351 1724
1356 1906
1356 1914
1356 2011
1356 2012
1358 2736
1362 1363
1362 1364
1363 1447
1365 1366
1365 1367
1368 2184
1374 2072
1374 2073
1375 1376
1375 1377
1375 1378
1375 1379
1375 1380
1376 1426
1376 1381
1376 2518
1376 2519
1377 1381
1377 2518
1378 1379
1378 1381
1380 1381
1381 2085
1381 2380
1381 2381
1381 2382
1381 2383
1382 1383
1382 1384
1382 1385
1384 1386
1384 1387
1385 1887
1385 1858
1385 1888
1385 1889
1388 1389
1388 1390
1390 2278
1392 2240
1392 2128
1392 1837
1392 2265
1392 2413
1402 1910
1402 2246
1408 1668
1408 1702
1408 2253
1408 2169
1408 2176
1409 1414
1409 2134
1410 2307
1411 1413
1414 2134
1418 1998
1418 1999
1418 2000
1420 2164
1420 2321
1428 2406
1428 2407
1434 2424
1437 2754
1438 1495
1438 2765
1444 1718
1446 1775
1446 1778
1447 1922
1447 1569
1448 2153
1450 2158
1450 1654
1456 1963
1461 2499
1480 1708
1480 1481
1480 2485
1482 1484
1483 1484
1485 2309
1488 1680
1489 2314
1489 2315
1489 2316
1489 2317
1489 1977
1491 2577
1492 2399
1494 2593
1496 2749
1497 1965
1498 2236
1501 2236
1501 2344
1506 2126
1506 2302
1506 1763
1508 1509
1508 1510
1509 1510
1509 1709
1510 1702
1513 2760
1515 1516
1515 1517
1516 1913
1516 1518
1518 2332
1520 1634
1521 2243
1522 2461
1522 1607
1528 2310
1529 2423
1531 1738
1531 1915
1545 2735
1552 2553
1555 2388
1557 2613
1568 1936
1571 2068
1572 2074
1573 2189
1574 1594
1577 2287
1580 1581
1580 1582
1581 1583
1584 1585
1587 2426
1592 2375
1592 2657
1592 2687
1592 2747
1594 1607
1594 1608
1595 1666
1597 2163
1598 2369
1602 1981
1602 1634
1602 1853
1604 1605
1604 1606
1605 1606
1609 1820
1610 1611
1610 1612
1611 1613
1612 1641
1612 2324
1612 2325
1612 2326
1617 2415
1617 2730
1624 2623
1624 2624
1630 2001
1630 2002
1632 1775
1632 2207
1632 2208
1632 2209
1632 2210
1632 1633
1633 2210
1633 2213
1633 2303
1634 1636
1634 1640
1634 1818
1636 1637
1636 1638
1636 1639
1636 1640
1636 1641
1640 1746
1640 1641
1640 1695
1641 1647
1645 2499
1651 1711
1651 1712
1653 2003
1653 2004
1653 2265
1653 2616
1653 1796
1654 2159
1655 2578
1655 2579
1658 2256
1658 2463
1659 1809
1661 2058
1661 2159
1662 2074
1663 1743
1668 2169
1668 2170
1668 2171
1668 2172
1668 2173
1668 2174
1668 2175
1668 2176
1668 1702
1668 1921
1672 2033
1676 1797
1676 1798
1677 2270
1679 2270
1679 2271
1681 1718
1681 2072
1681 2437
1681 2438
1681 2439
1681 2440
1684 2206
1684 2672
1689 2285
1693 2745
1697 2588
1698 2656
1700 1702
1702 2177
1702 2178
1702 2179
1707 1941
1707 2400
1709 2054
1709 2157
1710 1806
1710 2620
1714 1784
1719 1720
1719 1721
1721 2362
1728 2781
1730 1731
1730 1732
1730 1733
1733 1734
1734 2635
1734 2636
1735 2235
1736 1979
1736 2528
1737 2689
1738 1906
1738 1913
1738 1914
1738 1915
1740 2581
1742 1745
1750 1778
1750 1850
1751 2712
1752 1825
1758 1820
1759 2424
1762 2625
1763 2279
1763 2686
1764 2713
1766 2746
1769 2746
1771 1772
1772 1896
1773 2501
1775 1776
1775 1777
1776 1778
1776 2138
1778 2424
1779 1780
1780 1812
1780 1813
1780 1814
1780 1815
1785 2104
1794 1795
1795 1796
1805 1806
1805 1807
1806 1808
1806 1807
1807 2021
1807 2022
1807 2023
1807 2024
1807 2025
1809 2144
1809 2191
1811 2216
1814 2586
1818 1819
1819 2163
1820 2409
1820 2410
1827 1951
1827 2589
1828 1952
1828 2531
1828 2394
1828 2592
1834 2626
1834 2536
1834 2627
1834 2628
1837 2240
1837 2128
1837 2454
1837 2265
1837 2080
1838 2475
1840 2571
1841 2526
1841 2706
1846 2540
1846 2541
1850 2640
1851 1854
1851 1855
1853 2354
1853 2355
1856 2170
1858 2532
1858 2533
1876 1942
1879 2149
1884 2589
1884 2729
1887 1888
1887 1889
1887 1890
1887 1891
1894 2166
1896 2164
1898 2462
1906 1907
1906 1908
1906 1909
1906 1910
1906 1911
1906 1912
1908 1914
1909 1914
1910 1914
1911 1915
1911 2079
1912 1914
1916 1921
1918 1919
1919 2707
1921 2184
1923 2585
1924 2587
1928 1932
1928 1933
1928 1934
1928 1935
1931 2092
1935 2154
1938 1939
1943 2393
1944 1947
1945 2721
1946 1959
1946 1960
1948 1949
1948 1950
1949 1951
1949 1952
1949 1953
1949 1954
1949 1955
1950 1954
1951 2394
1951 2395
1951 2396
1952 2503
1954 2502
1955 2724
1955 2502
1955 2766
1968 2437
1971 2621
1971 2742
1976 1977
1976 1978
1981 2537
1982 2281
1985 2009
1987 2230
1989 2575
1997 2017
1998 2306
2002 2008
2003 2004
2006 2332
2008 2667
2008 2668
2010 2673
2016 2194
2016 2195
2027 2538
2028 2392
2028 2708
2032 2033
2032 2034
2033 2547
2033 2548
2035 2036
2035 2037
2045 2272
2046 2050
2052 2053
2054 2389
2058 2159
2063 2493
2063 2066
2063 2462
2064 2725
2065 2066
2065 2067
2068 2631
2070 2598
2074 2075
2081 2186
2085 2494
2085 2495
2090 2726
2097 2098
2098 2738
2100 2388
2126 2272
2128 2291
2128 2265
2128 2292
2128 2129
2129 2292
2129 2293
2135 2280
2135 2506
2135 2507
2135 2508
2135 2509
2136 2590
2136 2137
2138 2448
2139 2544
2139 2448
2140 2464
2141 2755
2142 2731
2143 2591
2143 2447
2145 2247
2145 2585
2147 2553
2151 2669
2153 2272
2154 2155
2158 2159
2159 2367
2162 2758
2163 2621
2163 2622
2165 2166
2169 2642
2169 2176
2170 2178
2179 2240
2180 2720
2186 2187
2186 2188
2187 2682
2189 2190
2189 2193
2192 2400
2194 2195
2196 2465
2196 2466
2197 2279
2205 2206
2206 2672
2211 2301
2211 2491
2214 2419
2216 2480
2216 2481
2216 2217
2217 2776
2218 2219
2218 2220
2218 2221
2218 2222
2218 2223
2218 2224
2224 2225
2225 2349
2240 2265
2240 2266
2240 2267
2240 2268
2240 2269
2244 2691
2250 2739
2253 2642
2253 2643
2253 2644
2254 2255
2254 2256
2256 2257
2256 2258
2256 2259
2256 2260
2256 2261
2256 2262
2270 2619
2274 2275
2274 2276
2275 2535
2276 2388
2277 2278
2278 2605
2280 2281
2281 2647
2286 2695
2286 2696
2287 2288
2287 2289
2289 2531
2289 2505
2291 2454
2291 2470
2292 2454
2292 2648
2292 2565
2303 2304
2308 2733
2308 2761
2308 2764
2311 2312
2317 2718
2317 2719
2321 2387
2323 2661
2323 2662
2324 2549
2329 2441
2332 2580
2343 2344
2343 2345
2349 2740
2356 2696
2357 2358
2357 2359
2357 2360
2357 2361
2370 2630
2376 2657
2376 2687
2378 2379
2381 2383
2382 2419
2387 2531
2388 2608
2388 2609
2388 2610
2390 2596
2392 2709
2394 2488
2399 2674
2399 2675
2400 2420
2406 2408
2408 2592
2411 2412
2414 2534
2418 2778
2420 2421
2423 2690
2424 2538
2424 2539
2430 2431
2432 2678
2432 2489
2432 2433
2432 2679
2433 2759
2434 2457
2435 2510
2441 2442
2448 2544
2451 2496
2451 2497
2454 2565
2459 2460
2460 2681
2468 2522
2476 2477
2479 2559
2485 2757
2488 2592
2489 2692
2499 2500
2500 2557
2515 2727
2522 2523
2522 2524
2523 2524
2523 2525
2525 2763
2528 2777
2535 2669
2540 2541
2540 2542
2540 2543
2541 2542
2541 2543
2557 2562
2557 2563
2560 2677
2572 2671
2581 2762
2582 2680
2588 2596
2592 2675
2596 2597
2596 2598
2596 2599
2596 2600
2596 2601
2606 2607
2608 2611
2613 2614
2620 2767
2620 2768
2626 2710
2631 2632
2636 2744
2637 2638
2637 2639
2637 2640
2638 2641
2640 2641
2645 2646
2647 2670
2649 2703
2653 2654
2654 2655
2655 2676
2657 2658
2667 2668
2681 2741
2688 2689
2695 2696
2697 2699
2700 2771
2701 2775
2704 2705
2706 2782
2721 2734
2732 2733
2735 2769
2735 2770
2748 2749
2756 2757