1458 2045
1188 852
1188 1037
1188 949
1188 107
1188 1089
1246 288
1246 156
1246 1166
1246 307
1246 1032
1246 599
1246 403
1246 140
1246 538
1246 1350
1246 954
1246 670
1246 748
1246 388
288 388
288 255
288 823
288 135
710 387
710 177
710 1318
387 556
1245 190
1245 243
1245 406
1245 212
1245 395
1245 238
1245 336
1245 1393
1245 1056
190 904
190 789
1366 1044
1366 642
1366 335
1366 1336
1366 1159
1366 1262
1366 1334
1366 1106
1366 232
1366 422
1366 374
1366 215
1366 1287
1366 783
1366 142
1366 615
1366 1225
1366 595
1366 729
1366 715
1366 1124
1366 90
1366 814
1366 345
1366 1127
1366 1011
713 1276
713 606
713 837
713 183
1276 164
1276 614
524 1413
524 417
524 675
524 377
524 340
524 1022
524 38
524 333
524 754
524 360
524 1087
524 219
524 346
167 301
167 1292
167 904
167 33
167 181
167 903
167 901
167 342
167 1254
167 398
167 1296
167 1215
167 1380
167 881
167 534
167 400
167 802
167 323
167 391
167 1440
167 92
167 1232
167 143
167 675
167 824
167 1063
167 1403
301 1254
301 1296
301 1403
685 1278
685 1160
1278 472
1278 158
1230 900
1230 361
1230 1201
900 1375
900 1201
900 577
900 1313
1391 483
1391 1061
1391 298
1391 187
1391 310
1391 1264
417 61
417 329
417 867
417 97
417 1073
417 415
417 137
417 564
417 377
417 659
417 675
417 592
417 623
417 1113
417 257
417 975
417 1295
417 332
641 720
641 999
641 992
641 563
641 70
720 518
720 999
205 1301
205 840
205 525
205 147
205 494
64 1009
64 889
1009 1401
1009 148
1009 682
1009 889
1009 799
1009 1102
1009 411
1009 1297
1009 947
1009 696
1009 636
1009 1076
768 220
768 155
768 918
768 828
768 1202
768 737
768 111
220 693
220 1018
220 1285
220 1252
220 828
220 382
220 111
220 1202
220 91
580 1207
580 71
580 1362
580 1029
580 1406
1207 1406
1207 71
1032 1026
1032 1143
1032 1233
1032 2
1032 369
1032 1241
1032 117
1032 1024
1032 431
1032 906
1032 880
1032 448
1032 1400
1032 30
1032 1263
1032 974
1032 868
1032 807
1032 1085
1032 1406
1032 967
1032 72
1122 487
1122 59
1122 436
487 154
487 1159
487 1204
487 716
944 694
944 1226
944 810
694 1034
694 1277
694 1226
694 995
694 1392
694 1144
773 386
773 256
773 762
773 200
773 1116
773 1393
773 201
773 357
773 589
773 481
773 687
773 1141
773 721
773 616
773 1119
386 412
386 90
386 1033
596 808
596 761
596 378
808 716
808 378
1336 732
1336 445
732 445
732 865
732 606
1401 889
954 76
954 244
954 1190
954 15
954 1138
954 721
954 864
954 854
76 1094
76 864
76 854
76 350
76 1057
972 974
972 930
972 178
972 1144
972 92
972 837
972 244
972 232
972 797
972 776
972 816
972 786
972 1252
972 369
972 507
972 193
972 640
972 103
972 906
972 545
972 1052
972 1261
972 1
972 1017
972 891
972 839
972 1455
972 1096
972 1393
972 761
972 864
972 1384
972 730
974 50
974 390
974 1455
974 158
1220 667
1220 819
1220 848
1220 165
667 1393
667 1135
667 996
1393 620
1393 496
1393 125
1393 383
1393 1221
1393 65
1393 1384
1393 1065
1393 1449
1393 1104
1393 864
1393 744
1393 1109
1393 993
1393 1031
1393 1053
1393 1369
1393 660
1393 839
1393 683
1393 1250
1393 19
1393 904
1393 295
1393 299
1393 243
1393 1066
1393 359
1393 134
1393 6
1393 727
1393 1436
1393 138
1393 1144
1393 816
1393 762
620 299
620 1452
620 56
620 388
620 1322
228 821
228 1272
228 970
228 1120
228 165
228 439
228 1342
228 1058
148 782
148 755
148 889
148 278
156 1446
156 403
156 1307
156 1405
156 624
156 846
156 1350
156 1349
156 865
156 1332
156 521
156 462
156 916
1093 784
1093 851
1093 1084
1093 435
1093 287
1093 1049
1093 562
784 435
784 851
784 1084
784 1049
102 1198
102 184
102 749
102 478
102 1407
1198 97
561 604
561 275
561 1064
561 1130
561 296
561 1100
561 321
561 698
561 1184
561 1387
561 549
604 285
855 309
855 1240
855 482
855 393
855 1070
855 293
855 71
855 1136
855 1048
855 157
855 857
855 1163
855 866
855 392
855 1343
855 160
855 78
855 1428
855 218
855 185
855 29
855 272
855 7
855 501
855 447
855 583
855 1235
855 407
855 793
855 1345
855 1082
855 884
855 1456
855 1409
855 1203
855 940
855 128
855 1258
855 295
855 1140
855 753
855 1308
855 434
855 408
855 586
855 4
855 733
855 63
855 251
855 240
855 311
855 326
855 1195
855 1182
855 1434
855 1274
1426 1208
1426 213
1426 1214
1426 899
1426 473
380 1412
380 278
380 1324
380 788
499 22
499 1040
499 222
499 455
499 1256
499 966
22 827
22 1321
22 299
22 1004
22 1164
22 655
22 613
716 258
716 1243
716 545
716 154
258 352
258 50
258 165
258 476
258 988
1240 36
1240 1209
1240 1438
1240 498
36 10
119 736
119 1357
119 1007
1397 1340
1397 175
1397 1059
1397 606
1397 1197
1397 1439
1397 162
1340 1059
1340 872
1340 123
1340 533
1340 162
1340 116
1340 965
1340 457
1340 1439
1340 709
1340 606
1340 1306
1340 496
395 62
395 406
62 906
62 826
62 295
62 587
62 864
62 195
62 271
1060 490
1060 414
1060 1318
1060 1147
430 787
430 593
430 728
430 514
787 518
787 1377
1193 1304
1193 669
1193 1356
1193 1119
1193 1116
1193 651
213 603
213 939
213 917
213 795
213 473
213 952
213 712
213 1290
213 1232
603 845
603 491
168 817
168 1443
168 833
168 804
168 146
168 318
168 1280
168 1287
168 244
168 3
168 838
168 1179
168 463
168 706
168 902
168 598
168 1021
168 465
168 1224
168 224
168 368
168 1307
168 1355
817 465
817 186
1053 927
1053 346
1053 1211
1053 865
927 233
1000 1411
1000 1436
1411 1436
606 536
606 1059
606 123
606 887
606 162
606 1394
606 601
987 1284
987 484
987 1429
987 327
987 79
987 1417
987 362
987 1146
987 520
987 714
987 488
987 894
987 1288
987 547
987 1169
987 1075
987 1329
987 405
987 791
1284 442
755 192
755 497
755 540
755 570
755 1020
755 721
755 896
755 711
755 961
755 244
755 32
755 559
755 1217
755 877
755 353
755 541
755 843
755 1008
755 235
755 545
755 351
755 371
755 564
755 1132
755 674
755 347
755 1299
755 519
192 1017
383 1310
383 245
383 114
660 856
660 1385
660 162
660 509
660 981
660 158
660 389
856 363
856 1427
856 1385
1020 174
1020 1181
1020 677
1020 92
1020 1365
174 1427
174 150
174 607
771 600
771 1294
771 1027
771 1244
771 562
771 165
771 1210
771 1076
771 698
771 677
771 74
113 477
113 1058
477 572
477 1058
390 513
390 459
390 621
390 494
390 743
390 998
390 317
390 418
390 921
390 786
390 1275
390 410
390 994
390 515
390 726
390 914
390 553
390 626
390 461
390 653
92 398
92 652
92 761
398 903
398 802
929 313
929 922
1446 31
1446 403
1446 523
1446 1067
1446 1332
1446 77
1446 593
985 777
985 1227
985 948
985 460
985 31
985 1430
777 661
777 462
777 706
777 1443
937 1348
937 681
937 762
937 200
937 1078
1348 1187
1348 59
1348 1116
1348 865
1348 90
90 331
90 1078
90 230
90 361
90 11
510 647
510 204
647 266
647 749
647 770
647 339
647 1457
1332 1399
1332 269
1332 1081
1332 225
1332 973
1332 593
1332 403
1332 1231
1332 708
1332 864
1332 893
1332 521
1332 1043
1332 804
1332 798
1332 99
1332 77
1399 1350
1399 521
1399 1043
1399 1443
1399 1182
50 5
50 1139
50 1219
50 990
50 86
50 781
50 1455
50 1121
50 1174
171 188
171 468
171 809
171 305
171 442
171 1196
188 1443
188 334
1187 138
904 1316
904 763
904 1059
904 1364
904 87
1316 763
1316 104
337 324
337 1186
337 1430
25 979
25 1418
25 1125
738 933
933 922
426 349
426 1355
426 1430
349 460
349 1430
349 277
780 153
780 259
780 676
780 280
780 1372
496 761
496 1365
496 162
496 12
496 263
584 818
584 740
584 760
584 1361
818 208
854 1263
854 169
854 1270
854 345
854 1200
854 1156
1263 1270
1059 52
1059 965
1059 1439
1059 127
1059 404
1059 533
986 484
986 493
986 165
986 419
986 1172
986 278
540 127
540 1117
693 1252
693 1018
693 1079
693 1202
1252 1018
1252 1202
962 745
962 1239
962 30
962 526
962 58
962 609
1226 136
1226 1303
1226 1153
1226 1279
1226 356
1226 1392
1226 1034
1226 945
299 1427
299 511
299 1035
299 578
299 295
299 66
299 1004
181 1254
181 1403
181 1296
1254 901
1254 903
1254 1190
1254 1063
1254 881
1254 249
1254 1403
1098 1267
1098 305
1098 761
1098 49
1098 376
1098 472
1098 152
1098 1089
1098 779
1098 505
1098 441
1098 1184
1098 1422
1098 73
1197 971
1197 703
1197 822
1197 126
1197 594
1181 1404
1181 670
1181 646
1181 69
1181 956
1181 1314
1181 471
1181 437
1181 1363
1181 291
1181 180
1404 1194
1404 1238
1404 610
1404 976
1404 646
677 1016
677 45
677 1144
677 1387
677 810
677 98
677 549
677 165
1016 45
1002 707
1002 597
1002 1194
1002 492
1002 1330
1002 1432
1002 905
1002 1415
1002 1433
1002 569
1002 646
1002 1424
1002 1224
1002 54
1002 879
707 874
707 223
707 549
909 690
909 1184
909 489
909 832
909 1257
909 1012
909 365
909 652
909 466
909 619
909 836
444 195
444 16
444 237
444 124
195 781
719 1042
719 474
719 1170
719 881
1427 981
72 1452
72 1154
72 865
1452 463
1452 262
1452 865
463 1047
463 1355
463 186
463 661
463 1206
463 1331
463 1430
463 425
463 945
463 537
737 132
737 1067
737 591
737 219
737 273
737 1355
737 853
737 523
737 397
737 1430
737 296
737 661
737 806
132 865
833 761
761 1286
761 830
761 1325
761 839
761 1025
761 103
761 747
1457 895
1457 1289
1457 226
1457 133
1457 548
1457 339
1443 1206
1443 1430
52 549
52 533
71 1406
81 928
81 567
81 1110
81 158
81 1019
1005 94
1005 1199
1005 512
94 1379
94 1199
111 60
111 1202
60 828
60 631
60 1248
60 1442
567 70
567 919
567 672
567 1384
567 198
123 162
123 18
123 175
542 878
542 453
542 522
878 1356
878 416
878 1353
878 1421
274 1382
274 287
274 820
274 88
274 973
274 1107
274 1259
274 804
274 254
274 1017
274 865
238 1056
238 1419
238 566
238 129
238 1313
1056 129
130 343
130 1074
1227 593
1387 1128
1387 815
1387 260
1387 847
1387 655
1387 698
1387 396
865 385
865 1073
865 615
865 104
865 916
865 1410
865 403
865 643
865 318
865 0
865 480
865 42
865 120
865 721
865 804
865 502
865 198
865 816
865 131
865 828
865 759
865 1065
865 294
865 846
865 59
991 1185
991 841
991 446
991 1453
991 1218
991 114
991 701
991 582
991 633
991 1178
991 734
991 1095
991 936
1176 800
1176 321
800 262
1350 403
1350 664
1350 462
1350 1012
1350 146
1350 31
1350 1182
1350 1067
1350 1277
1350 1349
1350 1072
403 462
403 521
403 1405
403 1349
403 846
433 319
433 454
433 207
31 1430
31 811
31 269
31 806
31 593
1073 1318
969 1017
1017 756
1017 210
1017 968
1017 960
1017 749
1017 263
1017 287
1017 517
1017 705
1017 1087
1221 831
533 127
533 709
248 571
248 673
571 1104
691 581
691 1167
581 1430
581 413
239 1039
239 1396
1190 993
1190 1142
1190 122
1190 289
1190 1269
1190 436
1190 1137
993 317
993 749
993 1356
993 554
756 377
241 915
241 644
915 106
915 644
915 421
305 449
305 1097
305 44
1385 511
816 1271
816 1437
816 65
816 1373
816 721
178 1298
178 577
178 822
903 1403
903 810
903 652
903 881
297 649
297 1238
297 1374
297 663
649 1238
1143 203
1143 1447
1143 264
1143 797
831 1386
1070 1001
59 850
59 925
59 967
59 232
59 704
59 83
59 724
70 1333
70 278
70 259
1312 1445
1312 730
1445 730
1445 898
1317 521
1317 752
1317 1347
1317 250
1317 678
1317 1367
1317 1130
1317 844
1317 588
1317 438
1317 913
521 401
521 1006
521 629
521 462
1357 551
1357 956
1357 200
293 809
472 957
472 1184
472 984
472 399
472 291
472 17
472 450
1115 613
1115 757
1115 139
1115 80
613 80
613 757
613 1205
613 139
321 1285
321 86
321 1448
321 1092
321 781
321 48
321 1229
321 1013
321 1425
321 437
321 1363
321 1074
321 1133
321 862
321 1191
321 1064
321 1184
321 1202
402 1338
1338 1003
1338 394
1338 1223
1338 942
1355 1281
1355 651
1355 1430
1355 1010
1355 357
1355 465
1355 762
1355 1021
80 139
1050 835
835 698
670 922
673 950
339 1265
1265 637
1265 78
1265 733
706 207
706 18
553 539
553 1376
553 97
553 291
553 20
553 263
1299 1141
1299 1363
1299 1370
1299 695
155 918
155 523
155 622
155 530
155 314
918 314
918 47
918 1291
918 523
445 1378
445 575
1142 436
1142 1269
1142 289
335 1011
1136 560
269 355
269 624
269 473
269 77
475 480
480 565
1444 1450
1444 631
1444 440
1444 656
1450 838
1144 456
1333 8
8 1018
89 197
89 764
89 602
89 158
1228 1030
1228 563
165 74
165 1386
165 695
165 1212
165 848
165 946
165 105
165 1342
74 541
74 467
74 1352
809 221
809 801
809 625
377 173
377 675
377 519
377 702
377 885
377 654
377 451
377 1054
377 166
377 1023
377 39
763 976
763 104
196 1149
196 1179
196 1372
196 1247
196 310
435 1084
435 1049
435 851
435 350
435 287
1084 1049
1084 851
669 651
1107 500
1107 416
500 769
1269 289
1269 436
289 436
631 907
631 440
507 300
303 914
303 1402
914 671
278 1087
278 1389
278 166
278 588
278 1127
278 1439
278 1250
278 26
278 610
278 443
278 438
278 750
278 848
278 381
278 1395
278 963
278 1324
1087 749
106 829
106 692
106 421
106 227
106 469
829 421
593 77
981 611
735 1071
1071 186
17 1442
1442 1249
1442 658
1442 863
1442 191
1442 1015
1442 1237
1442 612
1442 276
1442 367
1442 37
528 159
528 120
1200 341
805 1260
805 389
1260 1103
1260 1021
791 858
791 1329
791 717
791 1223
858 1273
1202 1285
1202 828
1285 842
729 743
729 428
743 1383
743 552
743 980
1356 1353
1356 244
1356 1165
1356 83
1356 661
1356 1421
1356 1423
1353 825
1353 650
409 1116
409 281
1116 281
1116 14
152 432
152 206
432 577
5 517
57 470
57 234
57 941
57 992
57 176
57 1253
952 306
782 1045
782 323
782 674
782 354
782 1132
782 889
1045 85
1045 889
1024 1145
1024 635
1024 611
999 1414
999 40
999 1213
999 618
999 535
730 864
730 898
523 267
523 296
523 315
523 1152
523 99
523 273
523 983
24 555
24 1416
24 792
24 760
24 91
24 420
1266 66
1266 695
1266 236
1266 180
1266 1171
1266 295
66 714
137 1359
137 813
137 27
184 1180
184 661
837 906
1384 1031
1025 1077
1049 287
1049 851
740 1150
740 144
740 910
740 760
611 544
611 550
611 290
611 261
611 938
611 653
611 686
611 1085
611 43
615 1054
989 607
506 1099
506 222
506 778
965 404
965 772
965 23
965 175
965 1293
965 1134
404 760
266 1315
675 844
675 610
675 1392
577 1175
577 517
162 175
762 14
762 1078
308 585
308 323
189 789
599 1351
599 886
804 350
840 525
840 364
1418 1183
440 656
695 1161
695 236
323 573
323 534
323 758
721 742
890 1090
890 231
890 527
1403 881
1403 1215
1403 1437
1403 249
1403 652
1403 1063
1403 1296
881 100
881 1063
1078 11
1078 731
1078 812
1078 741
851 287
851 562
1302 689
1302 133
1302 108
1302 95
1302 892
519 552
519 602
519 848
1239 679
1239 609
679 609
679 532
781 958
1212 1454
1212 1354
1212 35
1212 1007
1212 270
1212 1158
1454 12
1272 1058
203 797
1168 1155
1155 626
698 549
169 897
169 1396
232 1011
725 1137
1137 785
1137 53
723 948
154 46
1072 82
661 1089
661 826
661 141
661 1423
661 997
661 273
1089 949
1135 860
1184 1236
1184 1425
1184 1083
1184 1244
1184 574
1184 379
1184 48
1184 376
133 1365
133 680
1438 992
1438 10
1438 703
992 370
702 1054
749 638
749 610
749 549
749 287
200 14
200 211
683 1368
683 214
683 766
1358 1319
1358 1377
1358 498
797 645
797 1447
797 264
797 959
880 317
880 1068
257 976
976 332
976 916
976 605
976 104
263 834
263 699
263 246
263 334
834 1014
517 746
517 891
757 161
757 684
757 1431
757 84
1349 955
955 109
955 934
104 634
104 509
973 247
973 284
973 602
907 1248
1377 554
1377 424
421 469
421 373
421 394
1432 21
375 40
462 302
462 1182
462 37
462 665
462 624
462 549
462 1206
549 479
511 236
1047 1331
1047 425
150 912
699 334
645 264
645 959
1065 1371
970 873
1183 149
1183 292
460 1430
460 568
460 1206
634 18
634 12
634 509
18 209
897 1410
897 1396
1449 1320
1 926
1 158
1 1091
318 598
916 211
922 522
922 334
905 1318
1365 420
1365 442
1365 1021
1365 529
420 442
420 951
889 338
889 1297
79 920
79 724
79 279
1213 1282
1213 514
1410 1398
1410 849
1410 1327
1318 802
1318 630
1318 177
1318 1074
455 1131
455 594
1416 292
598 1307
598 465
1307 651
556 75
556 668
14 1119
14 286
14 211
442 1344
442 68
442 1287
442 292
1455 158
1455 193
1455 812
158 369
158 546
158 1179
158 229
1159 1204
844 96
844 1392
844 194
78 114
114 1151
1080 1157
1080 639
1080 859
1430 1051
1430 943
1430 843
1430 1069
1430 1206
1430 920
1430 1010
1430 397
1430 806
509 1118
509 718
509 1371
509 389
509 665
790 53
790 1268
53 772
1243 464
1243 531
1243 978
465 870
465 357
465 774
783 923
231 527
1196 358
1196 1344
1151 312
1151 1215
1151 138
772 1293
1123 366
1123 1101
1123 879
1123 1283
1123 652
366 204
366 982
1101 1283
1001 882
1001 1112
457 1337
1396 964
1396 1114
334 588
1092 1074
1215 495
792 739
792 1305
624 648
624 722
655 1346
1346 988
1346 316
314 1451
560 953
1110 1177
1110 924
1110 1108
1110 861
12 1242
12 594
12 508
1324 1222
330 883
883 436
826 751
826 767
1055 1408
1055 348
1055 1425
37 1435
37 101
37 863
37 967
37 853
315 1057
545 350
545 199
545 458
170 503
170 295
1287 374
588 794
588 15
588 977
652 316
652 1283
864 452
516 717
516 322
849 595
810 988
810 932
988 105
671 1402
1114 1420
514 869
514 728
869 728
54 1424
54 1062
54 265
54 1433
54 569
199 643
199 1041
199 486
199 559
627 563
758 875
478 262
1234 423
1234 1129
1234 504
1199 512
512 1105
512 142
1170 112
294 384
1112 1341
1372 310
602 848
1167 1388
493 1068
1439 1306
1106 750
750 1111
610 151
1125 320
1392 945
1057 208
1057 911
1057 628
262 765
1334 1036
1012 67
249 1088
1146 284
1189 997
1189 1192
1189 871
997 103
1004 328
1420 576
1420 1311
236 295
193 812
846 803
846 282
846 666
436 268
703 1390
703 28
703 304
703 1129
209 252
223 41
1423 242
15 543
115 179
115 34
115 20
55 1216
55 112
347 13
347 202
347 1251
13 202
13 1251
575 118
575 1335
1161 325
609 532
164 614
845 1086
1433 1381
1381 1360
1381 204
1381 372
1381 935
1381 283
932 216
932 1028
1043 145
75 908
75 1328
75 579
796 311
1148 9
1148 182
1148 558
1148 34
1148 617
1320 172
212 427
471 1173
1211 1300
202 1251
204 1038
3 416
1224 1046
608 848
437 268
920 217
920 775
438 739
595 590
595 1309
1152 273
594 1352
812 1126
879 1283
1371 1323
332 639
332 859
639 859
93 1441
93 27
416 121
34 632
34 344
34 688
34 527
34 662
34 1074
1068 163
99 983
770 1326
543 110
91 382
429 107
806 700
1133 253
572 557
364 697
1085 942
1134 931
1134 876
1074 662
1074 862
888 187
657 868
229 485
1075 1255
1178 1339
1255 51
601 1162
