1458 1948
1188 852
1246 288
710 387
1245 190
1366 1044
713 1276
524 1413
167 301
685 1278
1230 900
1391 483
417 61
641 720
205 1301
64 1009
768 220
580 1207
1032 1026
1122 487
944 694
773 386
596 808
1336 732
1009 1401
954 76
972 974
1220 667
1393 620
228 821
1009 148
156 1246
1093 784
102 1198
561 604
855 309
1426 1208
380 1412
499 22
716 258
1240 36
119 736
1397 1340
395 62
1060 490
430 787
855 1240
417 329
1193 1304
213 603
168 817
1053 927
1000 1411
606 536
987 1284
755 192
383 1310
660 856
1020 174
167 1292
771 600
113 477
518 720
390 513
92 398
755 497
929 313
1446 156
985 777
937 1348
90 331
510 647
1332 1399
50 974
171 188
1187 1348
904 1316
337 324
25 979
738 933
604 285
426 349
288 388
780 153
1393 496
584 818
854 1263
1340 1059
167 904
1393 125
986 484
167 33
755 540
1393 383
693 1252
962 745
1226 944
855 482
299 620
213 1426
1340 872
181 1254
1098 1267
1197 971
1181 1404
677 1016
1002 707
909 690
444 195
719 1042
174 1427
72 1452
463 1452
737 132
771 1294
833 761
1457 895
1443 188
1059 52
580 71
81 928
1005 94
987 484
111 60
567 81
1340 123
542 878
274 1382
1245 243
238 1056
130 343
985 1227
1387 1128
386 412
865 385
1289 1457
991 1185
1176 800
181 167
1350 403
972 930
433 319
1366 642
168 1443
1446 31
1220 819
865 1073
969 1017
1393 1221
72 1154
1340 533
248 571
691 581
239 1039
1190 993
1017 756
241 915
1098 305
855 393
1385 660
816 1271
972 178
167 903
297 649
1032 1143
831 1221
855 1070
59 850
70 567
1312 1445
755 570
1317 521
1357 551
1406 1207
855 293
472 957
1115 613
321 1176
402 1338
1446 403
1355 426
613 80
1050 835
1355 1281
939 213
156 403
670 1181
673 950
339 1265
706 207
553 539
1299 1141
155 918
761 496
561 275
1336 445
390 459
855 71
1190 1142
1366 335
597 1002
855 1136
1332 269
761 1286
475 480
1181 1020
1444 1450
972 1144
499 1040
70 1333
1333 8
89 197
677 1020
45 1016
1228 1030
755 1020
165 74
809 221
1009 682
377 173
904 763
196 1149
435 1084
521 401
521 1006
1193 669
1107 500
1269 289
1444 631
1226 136
1017 210
507 300
303 914
278 1087
106 829
593 1227
178 1298
713 606
981 1427
735 1071
855 1048
17 1442
528 159
417 867
1393 65
1200 341
805 1260
791 858
694 1034
1202 1285
729 743
1356 1353
409 1116
1317 752
152 432
5 50
524 417
57 470
1002 1194
952 306
987 1429
972 92
782 1045
1024 1145
999 1414
50 1139
390 621
730 1445
523 267
24 555
1266 66
954 244
991 841
137 1359
773 256
184 102
972 837
184 1180
168 833
1393 1384
383 245
1025 1077
693 220
827 22
74 541
1049 1084
417 97
390 494
740 1150
611 981
321 1285
865 615
301 1254
1353 825
989 607
506 1099
965 404
647 266
761 1098
377 675
186 1071
577 178
92 1020
1340 162
773 762
308 585
189 789
524 675
1317 1347
1252 1018
599 1351
168 804
500 769
840 525
278 1389
1317 250
390 743
25 1418
50 1219
1376 553
1444 440
1266 695
323 782
740 584
721 755
321 86
390 998
629 521
694 1277
299 1427
890 1090
352 258
1403 881
244 972
1265 637
171 468
1078 11
851 1084
855 157
1350 1399
1302 689
1340 116
377 519
499 222
167 901
761 596
855 857
238 1419
1239 679
1098 49
167 342
781 958
716 808
1397 175
417 1073
1212 1454
228 1272
644 241
288 255
203 1143
677 45
1168 1155
698 835
1017 968
97 553
162 123
1226 694
59 925
167 1254
707 874
854 169
972 232
987 327
278 380
725 1137
723 948
154 46
1072 82
693 1018
661 1089
1442 1249
1135 860
1032 1233
730 1312
1184 909
1184 472
1002 492
1302 133
1438 992
377 702
647 749
773 200
168 146
472 984
1366 1336
732 445
683 1368
238 566
1358 1319
972 797
1386 165
244 1356
880 317
257 976
263 834
517 746
757 1115
1349 955
865 104
1002 1330
1098 376
973 247
1350 664
1059 904
1426 1214
1181 646
50 990
907 1248
321 1448
782 148
1377 1358
421 829
1002 1432
375 40
403 462
549 479
915 106
865 132
972 776
511 299
1047 463
150 174
937 681
577 432
417 415
263 699
1403 903
645 797
855 1163
1116 281
1393 1065
1155 626
228 970
1183 1418
972 816
719 474
129 238
460 349
205 840
580 1362
1094 76
634 18
169 897
1317 678
1393 1449
1 926
168 318
743 1383
865 916
1045 85
433 454
335 1011
1093 851
670 922
1002 905
1365 420
889 338
79 987
1184 1236
1024 635
1213 1282
834 1014
1410 1398
909 489
561 1064
106 692
421 106
1318 905
972 786
455 499
390 317
24 1416
755 896
1032 2
855 866
598 1307
909 832
1350 462
556 387
1053 346
200 14
524 377
972 1252
1365 442
1455 158
1017 960
854 1270
222 506
1032 369
1366 1159
1366 1262
567 919
1115 139
757 161
323 573
844 96
78 114
1080 1157
1430 31
509 1118
790 53
716 1243
1226 1303
755 711
465 870
937 762
552 743
31 811
168 1280
323 534
783 923
865 732
1243 464
1384 1031
231 890
144 740
269 31
114 383
1196 358
74 467
377 885
259 780
200 937
855 392
1151 312
553 291
1332 1081
965 772
296 523
129 1056
1348 59
345 854
1123 366
1430 1051
220 1018
1101 1123
1001 882
763 1316
444 16
771 1027
228 1120
390 418
457 1337
14 762
1396 964
965 23
334 188
417 137
865 1410
611 1024
519 552
90 386
321 1092
321 781
992 370
854 1200
1403 1215
24 792
1442 658
102 749
152 206
855 1343
624 648
1194 1404
1002 1415
417 564
891 517
1115 80
991 446
655 1346
918 314
278 166
1457 226
1254 901
57 234
288 823
999 720
421 469
761 830
1393 667
175 162
167 398
560 953
1110 1177
462 302
12 1242
1324 1222
1410 897
59 1122
523 1446
948 985
158 369
90 1078
155 768
442 1344
772 1293
330 883
889 1009
462 1182
1017 749
465 357
1190 122
409 281
661 826
1055 1408
472 399
1404 1238
1296 167
865 403
1317 1367
797 1447
1246 1166
378 808
828 60
37 1435
22 1321
1365 133
533 127
523 315
1246 307
545 350
1032 1241
1340 965
170 503
90 230
168 1287
761 1325
588 794
156 1307
1393 1104
1215 167
652 316
237 444
24 760
137 813
1032 1246
1230 361
864 76
1184 1425
1348 1116
516 717
1260 1103
849 1410
810 988
523 155
661 777
1032 117
108 1302
809 801
299 22
671 914
1114 1396
1318 802
514 869
652 92
54 1424
929 922
1393 864
667 1135
1355 463
199 545
970 873
18 123
305 449
855 160
1226 1153
755 961
445 1378
1437 816
1403 1437
962 1239
627 563
987 1417
758 875
918 768
102 478
561 1130
1234 423
1199 512
167 1380
278 588
1302 95
1170 719
294 384
1226 1279
524 340
1078 731
1181 69
1032 1024
278 1127
1393 744
1112 1001
763 976
1357 956
1032 431
1245 406
496 1365
1104 571
1059 965
1372 310
519 602
972 369
691 1167
1049 287
493 986
757 684
855 78
106 227
156 1405
278 1439
167 881
865 643
1106 750
610 151
903 1254
430 593
444 124
390 921
77 593
205 525
567 672
1318 1073
654 377
377 451
1017 263
855 1428
1125 25
1392 844
158 546
390 786
52 549
269 355
755 244
791 1329
403 521
972 507
1057 208
987 362
1338 1003
321 48
213 917
1403 181
1190 289
909 1257
462 37
904 1364
1272 1058
864 730
1452 262
665 462
773 1116
1366 1334
909 1012
755 32
818 208
1112 1341
314 1451
768 828
287 274
465 817
244 168
1332 225
899 1426
1355 651
167 534
1240 1209
645 264
730 898
611 544
516 322
909 365
165 695
943 1430
1190 1269
1254 1190
1110 924
463 186
86 50
1403 249
1146 987
855 218
1402 671
1404 610
973 1332
1059 606
1430 843
837 713
1332 593
390 1275
1202 828
1189 997
991 1453
269 624
816 65
641 999
1004 22
1420 576
1377 554
57 941
236 1266
956 1181
855 185
89 764
12 1454
417 377
912 150
972 193
855 29
749 638
675 844
1393 773
698 549
417 659
417 675
846 803
436 1269
602 89
918 47
1197 703
1350 1012
462 624
1032 906
209 252
1246 599
223 707
1356 1165
199 643
1377 424
1423 242
499 1256
703 1390
328 1004
1430 1069
972 640
987 520
1353 650
15 588
972 103
115 179
1366 1106
1366 232
55 1216
54 1062
347 13
390 974
78 1265
733 1265
561 296
757 1431
575 118
695 1161
865 318
1356 878
609 532
641 992
854 76
1181 1314
18 706
1161 325
174 607
1276 164
1410 1327
1387 815
167 400
62 906
287 1017
845 603
158 1179
196 1179
987 714
1093 1084
561 1100
462 777
855 272
1356 1193
264 797
1433 1381
865 0
932 216
755 148
652 909
740 910
1381 1360
1442 863
856 363
1285 220
165 986
1063 1254
661 463
755 559
757 613
703 28
1137 785
903 810
1043 145
1455 974
1331 1047
737 1067
1093 435
1438 10
75 908
1393 1109
1404 976
694 995
922 933
1430 1355
480 565
1393 993
403 1246
70 278
223 41
1446 1067
465 598
796 311
606 732
831 1386
584 760
855 7
512 1105
645 959
1243 531
1366 422
1193 1119
1387 260
390 410
452 864
1148 9
211 916
1032 880
1320 1449
972 906
70 259
463 1206
199 1041
417 592
334 699
883 436
453 542
54 265
1393 1031
606 123
693 1079
1017 517
755 1217
816 1373
1350 146
317 993
991 1218
855 501
263 246
553 20
787 518
1442 191
787 1377
1442 1015
1430 1206
462 549
1393 1053
660 162
403 1332
1393 1369
321 1229
278 1250
389 805
50 258
212 1245
60 631
167 802
356 1226
213 795
1332 1231
1366 374
471 1173
1206 1443
59 967
1338 394
278 26
1211 1300
232 1011
755 877
228 165
826 751
155 622
1202 768
1189 1192
1021 1260
749 993
644 915
1244 771
167 323
1188 1037
706 777
1053 1211
1252 220
649 1238
999 40
278 610
202 13
865 480
1009 799
1197 822
673 248
213 473
200 1357
611 550
855 447
204 366
855 583
1060 414
1397 1059
232 59
204 1381
1442 1237
1391 1061
986 419
1439 1306
168 3
1366 215
1093 287
1181 471
737 591
972 545
781 50
1009 1102
791 717
1363 1299
1381 372
377 1054
1224 1046
66 714
1355 1010
533 709
168 838
1213 999
608 848
1032 448
1332 708
1392 694
865 42
865 120
755 353
677 1144
437 1181
390 994
67 1012
1430 920
986 1172
1403 652
438 739
1354 1212
1324 380
1363 1181
674 782
1130 1317
1318 630
321 1013
213 952
737 219
357 1355
190 904
721 865
1331 463
1055 348
595 590
1350 31
297 1238
274 820
1442 612
1430 460
613 1205
521 1399
915 421
855 1235
167 391
196 1372
278 443
1443 777
542 522
855 407
987 488
784 435
773 201
1246 140
685 1160
156 624
1032 1400
1049 435
761 839
1420 1311
113 1058
472 291
114 991
611 290
773 357
293 809
1098 472
999 618
1184 1083
149 1183
828 220
1215 495
773 589
288 135
634 12
1002 1433
713 183
21 1432
972 1052
988 105
509 660
523 1152
755 541
509 718
133 680
167 1440
62 826
1212 35
864 1332
1442 276
771 562
12 594
175 965
1245 395
1299 1370
1029 580
809 171
812 1078
988 1346
855 793
1366 1287
1123 879
1393 660
1199 1005
624 722
1059 1439
561 321
509 1371
278 438
577 1175
1393 839
1017 705
797 203
855 1345
436 268
920 79
1234 1129
496 162
1430 581
437 268
1278 472
1151 1215
156 846
1393 683
30 1032
606 887
739 792
274 88
417 623
295 62
606 162
332 639
773 481
1212 1007
755 843
167 92
93 1441
284 1146
881 719
1350 156
965 1293
1113 417
1151 114
992 57
403 1405
858 1273
167 1232
321 1425
683 214
987 894
1212 165
1032 1263
1246 538
846 282
780 676
661 141
120 528
164 614
269 473
889 1401
848 165
465 1355
851 287
416 3
213 712
34 632
728 869
509 634
442 68
1068 163
889 148
308 323
1332 893
168 1179
249 1088
209 18
263 334
743 980
1397 606
523 99
737 273
421 373
59 704
1276 614
1107 416
865 1348
1057 911
765 262
299 1035
770 1326
515 390
104 1316
1098 152
1307 651
295 170
284 973
1366 783
81 1110
1427 856
973 274
332 976
1245 238
12 508
755 1008
1212 270
695 1299
846 666
112 1170
1365 1021
305 1097
1296 301
62 587
737 768
991 701
517 5
278 148
1423 661
1002 569
34 344
517 577
1223 791
1393 1250
417 257
737 1355
606 1394
81 158
611 261
737 853
1350 1246
139 80
168 463
954 1190
1245 336
1196 1344
848 1220
321 437
1452 620
1393 19
855 1082
679 609
205 147
207 433
804 350
997 103
27 93
1043 1399
1184 1244
1317 844
168 706
436 289
543 110
596 378
524 1022
755 235
757 84
1387 677
1366 142
561 698
91 382
634 104
1302 892
641 563
761 92
460 985
102 1407
1350 1182
954 1246
37 101
278 750
865 804
390 726
855 884
1338 1223
848 602
299 578
855 1456
13 1251
755 545
429 107
1340 457
584 1361
1202 693
523 737
972 1261
962 30
865 502
417 975
1032 974
661 997
972 1
781 195
305 171
749 610
420 442
749 549
361 90
1356 993
1240 1438
321 1363
847 1387
1243 978
442 1284
1352 74
165 771
403 1349
900 1375
1110 1108
806 700
1133 253
916 976
167 143
212 427
972 1017
572 557
154 487
1340 1439
955 109
595 849
1430 463
1457 133
789 190
934 955
545 716
274 1107
1070 1001
755 351
972 891
855 1409
918 1291
1393 904
755 371
987 1288
1416 292
903 398
855 1203
1446 1332
364 840
37 863
865 1053
299 295
1184 574
728 430
394 421
1197 126
97 1198
79 724
1085 942
1442 367
1002 646
1134 931
792 1305
954 15
1287 442
1366 615
1226 1392
1067 1350
1226 1034
1148 182
1332 521
524 38
855 940
465 774
1397 1197
1430 1010
1393 295
34 688
238 1313
1184 379
377 166
527 890
417 1295
755 564
1098 1089
112 55
728 514
1317 588
647 770
1246 670
202 1251
920 217
158 1
1425 1055
1283 1123
1334 1036
442 292
865 198
773 687
755 1132
477 572
932 810
70 641
263 553
420 951
499 966
22 1164
991 582
812 193
855 128
904 87
611 938
937 1078
1089 949
806 31
1009 411
165 946
1366 1225
435 851
1122 436
77 269
436 1142
755 674
1374 297
75 556
167 675
1144 456
442 171
1202 1252
1355 762
1074 662
1332 1043
59 83
817 186
1074 862
438 1317
168 902
1114 1420
855 1258
460 568
220 382
755 347
1068 493
1393 1245
810 677
390 914
233 927
1059 127
466 909
111 220
1018 8
784 851
156 1349
888 187
1365 529
679 532
810 944
321 1074
278 986
165 258
50 1455
1049 851
1188 949
1381 935
657 868
524 333
855 295
204 1038
1246 748
881 100
1098 779
1318 177
1091 1
1184 48
158 229
652 903
1393 299
1005 512
761 1025
1357 119
755 1299
909 619
1393 243
1391 298
920 775
1356 83
1002 1424
1247 196
258 476
1009 1297
1385 856
855 1140
347 202
1098 505
75 1328
611 653
200 211
661 1356
50 1121
76 350
660 981
1017 1087
511 236
380 788
236 295
773 1141
1430 397
922 522
855 753
973 602
1320 172
932 1028
1443 1399
716 154
1086 845
1032 868
1387 655
603 491
390 553
822 178
1366 595
228 439
278 848
784 1084
278 381
177 710
987 547
316 1346
855 1308
987 1169
703 304
138 1187
1371 1323
1184 376
1098 441
297 663
390 626
615 1054
1183 292
321 1133
754 524
386 1033
737 397
137 27
1402 303
76 1057
435 350
321 862
1393 1066
1396 239
213 1290
804 1332
463 425
168 598
567 1384
861 1110
377 1023
395 406
581 413
455 1131
187 1391
509 389
1075 987
579 75
721 773
1134 876
1206 460
31 985
677 98
274 1259
889 1045
1350 1277
865 816
278 1395
1430 985
1230 1201
954 1138
993 554
563 1228
698 1387
1181 291
34 115
855 434
900 1201
1239 609
865 131
1393 359
1350 1349
1000 1436
771 1210
611 686
168 1021
1332 798
1017 192
790 1268
1159 487
1116 1193
1393 134
364 697
1032 807
171 1196
972 839
262 800
1430 349
64 889
1335 575
991 633
511 1385
865 156
1202 111
1317 913
668 556
1178 991
138 1151
826 767
1430 737
71 1207
168 465
472 17
167 824
524 360
651 669
864 62
1457 548
390 461
694 1144
1366 729
1446 77
865 828
1366 715
812 1126
1057 628
1285 842
14 1119
514 1213
496 12
1278 158
988 258
1366 1124
683 766
62 195
855 408
647 339
1184 1098
315 1057
865 759
1255 1075
416 121
972 1455
1148 558
510 204
909 836
180 1266
299 66
524 1087
1393 6
506 778
462 521
721 954
1340 709
991 734
1148 34
972 1096
377 756
580 1406
974 158
991 1095
94 1379
1101 1283
865 1452
639 859
898 1445
922 334
1393 727
1269 1142
523 273
967 37
1438 703
1403 301
155 530
90 1348
1450 838
22 655
1338 942
1032 1085
1387 396
1186 337
962 526
1406 71
804 274
606 601
855 586
853 37
1393 1436
1074 130
478 262
168 1224
755 519
60 1248
321 1191
390 653
1098 1422
14 286
1074 1092
417 332
435 287
855 4
1406 1032
1318 1060
310 1391
1352 594
1189 871
613 139
771 1076
549 677
535 999
349 277
1403 1063
855 733
987 1329
1366 90
1049 784
158 89
1059 404
1430 337
199 486
855 63
865 1065
228 1342
1430 426
278 963
1371 1065
620 56
1136 560
463 945
854 1156
588 977
156 1332
1245 1056
599 886
855 251
620 388
567 198
168 224
593 31
1396 169
1009 947
280 780
36 10
487 1204
111 768
485 229
1009 696
661 184
865 72
1143 1447
404 760
1002 1224
1032 967
440 656
1049 1093
527 231
523 918
987 405
1199 94
601 1162
761 103
878 416
498 1358
107 1188
165 105
611 1085
54 1433
509 665
1206 462
1350 1072
1340 606
721 742
1356 1421
1366 814
991 936
1226 945
750 1111
57 176
1212 1158
1266 1171
34 527
266 1315
1339 1178
1123 652
976 605
156 521
1381 283
334 588
782 354
900 577
1125 320
295 1266
1403 1296
345 1366
1393 972
81 1019
377 39
729 428
274 254
797 959
881 903
24 91
1147 1060
496 263
1190 436
119 1007
323 758
1059 533
167 1063
1340 1306
1372 780
698 771
43 611
1009 636
1167 1388
53 1137
138 1393
545 458
1002 54
881 1254
332 859
168 368
1234 504
1032 72
127 540
53 772
296 737
99 1332
523 983
1080 639
855 240
575 445
595 1309
249 1254
662 34
855 311
982 366
1098 73
199 559
561 1184
264 1143
773 616
156 462
180 1181
24 420
703 1129
1365 1020
1283 652
305 44
1391 1264
175 123
62 271
289 1142
1117 540
142 512
855 326
631 907
403 846
524 219
660 158
1148 617
60 1442
472 450
104 763
844 194
463 537
855 1195
1403 167
855 1182
1009 1076
855 1434
865 294
1393 1144
524 346
889 1297
1074 1318
1274 855
1457 339
213 1232
1366 1127
155 314
962 58
59 724
1430 806
782 1132
594 455
675 610
1322 620
613 22
273 661
1240 498
1190 1137
900 1313
761 747
707 549
321 1064
771 677
57 1253
880 1068
1197 594
106 469
773 1119
1078 741
115 20
851 562
79 279
54 569
494 205
1002 879
543 15
50 1174
965 1134
14 1116
667 996
809 625
51 1255